3	4353,1991,5552,566,6036,5657,1511,8530,5034,811,51316,932,1992,6037,4069,4925,5315,400668,1441,6320,3309,7184,2597,4257,2023,10130,1052,10981,10673,1475,7114,10109,87,5479,83641,10095,10493,5273,821,6231,9920,10169,8635,7873,163732,10227,301,1072,3543,2923,1359,3490,706,56670,92140,2821,10370,8673,397,567,10952,6748,2896,2771,6967,5223,54902,4332,9334,1509,4680,3936,64778,2526,6185,4082,64747,746,84106,1669,7494,4818,10613,1200,6282,1130,133418,847,23753,4946,309,6693,5216,10972,2950,7805,58505,967
9	6691,3925,4673,10376,6402,2023,2597,6191,7298,1915,284422,3543,6160,1933,6228,6218,203068,4736,6142,83879,947,6193,6122,6125,6154,6137,6189,6130,6201,6129,6678,567,6229,6235,6168,11224,6159,6176,6194,6210,1854,6222,6202,4175,6138,6234,6167,3094,6188,7178,1021,6206,6224,6173,6205,972,6164,7171,29128,6134,4172,10581,6139,6187,4192,3178,6156,5478,6157,2950,28638,3070,3151,6146,2171,6223,7374,71,6208,10410,23521,6124,6227,6147,6143,55353,9349,3615,6233,6135,6169,5111,6161,3945,6207
2	7178,972,6402,6191,6159,6156,6160,441951,6133,1915,6137,6205,4736,951,60674,4666,6154,6139,6228,6233,6142,6691,6164,6125,6189,947,6165,678,4673,6206,6167,6170,6138,6202,1938,6210,6234,1393,6129,6232,6152,6229,6146,55353,23521,6231,84525,6135,6147,6134,6224,6169,6235,71,10581,8204,6218,3094,6230,6208,6143,6168,641638,6204,6193,8763,6653,9349,6194,6173,6207,6176,6130,6201,6157,4883,6144,4869,6222,6161,689,6155,10410,26986,5101,6122,6203,124540,1043,2197,4192,6856,397,51347,115361,53827,6124,3326
1	100462977,6222,1843,60674,100463486,6171,6192,6187,8763,144983,6134,6188,6129,6135,1393,6164,6208,6165,6136,6141,6122,9349,6169,6232,6189,2197,6130,6161,2353,441951,6158,6203,6235,6209,6223,6210,6138,100463498,1831,11337,23521,6160,6229,6143,10399,6204,6194,6137,3725,3727,7846,6206,6154,7178,6181,6125,3921,6191,6227,7431,6228,84973,1153,1043,6691,1316,2354,6233,6173,951,3131,3646,3094,6170,4170,8204,6176,6156,6147,6230,4736,6202,84525,4666,54543,947,6146,551,5052,53827,80177,5101,199,6168,1327,641638,6152,3423
7	100462977,144983,60674,6222,441951,100463486,6192,6134,6187,6171,6129,6136,6189,6141,6122,100463498,6135,6188,6235,6232,6208,6165,6223,6169,6138,6164,6130,6158,6210,6229,8763,6161,6143,10399,11337,9349,23521,6160,2197,3921,6209,6194,6204,6206,7086,6125,1393,6227,6154,6203,6191,1043,84973,6228,641638,6137,947,6146,4736,1153,6128,1192,3646,6173,6230,199,6691,6202,6168,6233,6147,6181,397,55313,7178,84707,6176,951,55353,6205,100093630,71,100463488,284422,6648,3094,6167,53827,80177,2205,157574,6170,9840,4666,1327,100463489,23564,51411
4	3148,10376,203068,7153,23204,51203,10383,760,51327,2993,3042,6521,759,3040,100187828,3045,3043,3039,55363,4288,7037,1063,7001,9133,259266,3145,11065,645,51312,9055,7389,2994,10051,212,84790,22974,286,4259,9232,3068,948,890,23456,6708,3930,210,991,6005,378938,51629,9787,7351,7027,6006,332,3029,5347,1062,1371,358,2038,891,5885,9212,983,3161,119,26586,7112,10024,27338,55143,6710,2730,2235,55466,3833,6513,7283,29127,2495,3838,996,6622,10460,4774,10661,1058,51512,28984,5886,83540,805,1163,1874,10112
6	212,51312,665,6521,3039,3040,6622,669,55544,8031,598,100187828,3045,23039,51629,23608,65125,6513,9911,3043,2038,66008,7145,7328,51327,7314,7095,8991,2035,2235,25853,2309,25893,5292,3042,5606,2040,4601,51218,439996,54386,3958,51094,80315,6563,286,2987,11163,8780,9921,8531,645,10124,80232,4784,682,55432,25793,55437,116151,4354,27102,26994,3145,83719,7150,23582,7320,5305,2766,6478,5886,219899,759,8140,2039,92597,378938,23305,9663,10098,55831,283450,55553,122416,4860,2752,55363,9645,4140,81689,56261,57095,100463498,55796,2935,2994,23365,22934
10	10376,6241,203068,3148,3042,100187828,3045,5111,6521,3040,55363,7001,3039,2993,51327,2495,759,760,212,51312,1719,3043,7389,7037,4259,2994,4605,7027,3145,645,1854,51629,4176,23456,3418,6006,4288,51203,29028,7283,6240,7083,10661,3068,116151,1371,286,948,3151,7351,55723,6574,210,2237,7913,10950,6005,7298,358,6710,3930,7884,7533,7112,6622,983,1633,4173,29089,5886,23234,23589,4942,2057,4635,9055,90378,2995,2038,51621,3029,10422,6708,26271,898,10051,11130,896,482,23762,2235,147015,682
12	5341,5087,6648,9124,3553,2624,2205,3674,5908,7414,8407,7114,8763,55819,2313,3987,84620,55353,22915,150,1992,10257,83706,64407,3937,84898,1191,92675,4052,6138,116931,54360,7450,84281,8204,4149,7168,23564,5567,1192,6134,54149,5742,71,10581,23446,284,6130,6168,51411,9050,134957,6210,6229,23545,29091,7078,6235,8832,83442,148823,6125,9840,3945,2197,6191,10095,6403,100462977,51701,5101,1603,3178,5880,6654,326624,23521,9200,6141,4208,60674,6228,5196,7094,6194,6171,6158,144983,754,5577,6222,64798,6205,4067,2934,54918,6232,11142
8	5552,7431,4069,2896,7114,302,3956,23406,6036,2353,301,4353,3689,932,3936,7852,71,79026,3394,1052,10095,7538,972,2162,60,25939,567,967,811,5315,64231,1359,1622,2206,23765,241,1072,7305,11151,5452,861,83641,7184,2355,10109,1178,1475,3309,2207,51316,8543,4478,10981,10097,678,5216,5341,1958,3067,85414,9168,8832,122618,83442,10487,9553,2205,23313,2771,1050,3082,163732,10673,7503,9450,2316,4209,10130,7177,2023,5579,8826,4257,3059,1675,7529,3570,5034,6039,2597,963,1439,2760,87,962,2923,7791,5580,6282
5	25927,4609,1439,836,51564,4869,3326,6124,3178,28951,341,6159,27250,51252,1933,65108,3553,6234,1938,25996,3757,2969,6277,25874,6624,3615,6139,9990,30061,3182,4831,8761,5577,4282,216,3183,644538,6168,6275,1915,3674,6693,5270,55819,5757,9045,6218,677,54360,81537,64864,6205,1435,64168,79872,64116,84295,348,123,3329,6133,4904,9124,6776,999,94240,118987,10628,3146,5478,9218,5912,7036,6202,7263,94274,27131,7155,6167,375061,6228,8848,5820,56259,4736,2288,9788,6125,6239,4357,11331,6142,1984,6152,10154,6193,10661,55183
0	51252,6277,3757,25996,2495,6275,3182,3146,3043,4904,3320,759,25941,9145,1984,831,25874,8761,7001,948,3329,203068,5111,10988,4175,3148,908,55505,216,5757,4774,10376,4942,1719,10661,1854,3181,3312,25927,119,645,3688,10874,3183,4691,2288,51327,4833,341,79366,50865,3159,375061,3608,51522,29015,5478,7037,6717,4000,5093,1019,6637,3185,5577,10162,2030,11282,5902,6636,1973,388962,7263,2217,7298,4072,84321,26135,6427,10606,64801,11198,5591,286,7027,27166,55646,10576,4173,10935,4176,23234,9377,8661
11	1791,29128,7114,4267,71,114757,973,3543,7441,972,9168,4050,55824,84186,100,7462,170954,3512,6402,6925,9315,257194,6304,28638,3925,963,26999,1879,2597,3575,2745,53335,11151,4311,3903,3507,4299,5757,89766,29760,23389,7431,5896,6134,1316,8540,124540,4673,92241,51237,7940,962,3561,51465,2113,567,6659,51655,57597,3399,30011,5579,397,54549,1915,84959,81539,5478,975,3146,23048,9262,114908,5175,4638,1043,94241,6223,8835,2908,4345,3728,753,2322,26086,51466,79870,10123,9695,3178,112616,4208,64651,54331,7155
13	3394,71,972,7114,9168,860,3956,11151,3543,6925,118788,9315,3936,3512,51316,6402,1791,9261,29128,3925,219972,7431,29760,6689,122618,567,6039,152137,51465,60,100,1536,6659,387882,4046,2322,963,81618,23231,3419,3514,25939,3665,1316,257194,596,10870,2778,5355,9709,3563,144983,2876,6727,11337,26999,56961,10518,10961,7462,202309,7171,7852,10320,1622,10123,83442,7305,8826,170954,55824,10972,10695,3151,5150,6304,100462977,4209,5641,11006,3561,7357,10487,5579,387066,27242,81539,5880,91703,351,292,1655,3507,6691,4208,10097,3178,10109
all	3418,26999,11331,972,5885,259266,54360,64116,8835,3399,10320,23521,6776,55363,89766,6152,8407,4736,5355,10972,2752,64864,4067,4354,6201,3183,3543,5908,2876,84898,3145,682,26086,375061,3689,112616,6005,60674,3094,759,5101,3131,6154,760,23456,1019,3987,6161,1719,55544,2355,6228,753,29028,8673,551,4638,122618,4170,8031,11282,8140,6194,29127,644538,6402,100187828,3045,2035,6241,1915,10518,7112,975,2039,292,5111,7078,5567,7441,1192,219899,932,5452,860,7538,23762,6235,55831,6187,645,4860,23582,23545,23765,6678,596,10673,1536,199,26986,64651,8204,116931,94274,4288,64231,9990,53335,56259,3925,7095,2935,23753,3419,27166,6122,51203,1854,56670,84281,27338,6039,4478,6513,3068,81537,706,23564,23446,7913,1072,6320,4774,3688,3646,64798,25927,341,1958,7529,4299,80177,908,6135,4175,4883,6141,3958,1633,566,7431,257194,1316,3757,6147,4666,9349,6133,23048,284422,10162,7027,25939,1359,134957,10097,4680,5196,100463489,598,8848,84186,4000,4072,3039,10257,8530,1052,11337,10410,7846,54918,3956,22934,6146,9200,30011,3312,163732,94240,55505,55824,3040,6653,51621,6227,10460,11006,1021,6691,100462977,6230,10098,10935,3507,2235,9921,64407,2766,1062,999,2322,351,9050,6727,84973,1874,3575,3930,3563,9133,4140,2237,94241,1655,7168,4082,1058,326624,29760,51316,3151,148823,10399,567,25853,80232,3553,836,6967,8761,7503,83879,23389,1622,64801,147015,7320,821,890,29089,6478,5896,5579,3182,92597,6563,6210,3561,973,6165,55466,4149,9911,27131,891,5886,2495,22915,2353,7450,3070,4601,3148,6006,9212,6427,9232,3059,4052,10123,90378,4173,4069,896,6205,25941,7414,7940,5034,3181,202309,26135,1063,11130,7036,6130,1393,991,2987,27242,26271,1991,2526,6037,51218,10051,3320,51701,10493,677,9218,1435,212,10227,1603,6191,7283,84620,10109,6224,6240,133418,6144,6282,6624,51655,9645,11142,1509,123,3514,3029,962,6717,6233,4357,3185,6277,2206,8543,6202,4176,3423,2950,84707,6856,2995,10169,6139,400668,1153,2821,2896,10988,6206,4267,9262,7001,3570,7305,51564,25893,302,9045,1933,7171,54549,9315,28951,51629,51094,10961,25874,64168,5820,100093630,6239,100,9261,57095,87,388962,2288,6689,10112,64778,482,10981,27250,754,5341,5223,831,1043,1675,5742,4050,1130,30061,118987,7298,8826,79366,100463486,5175,7083,10130,51466,5902,6748,1475,9377,84525,2197,6129,84959,8635,6157,309,3936,3490,3082,203068,3725,51465,7494,122416,4869,5912,1879,84106,6710,55143,6636,210,23406,9168,157574,10376,9145,3067,7873,5347,55723,7114,10613,2217,8540,286,397,7462,55183,65125,948,6176,3178,219972,689,378938,4332,6164,6654,60,54331,811,6659,4818,6128,9663,115361,55313,6124,23231,5479,83641,1200,10154,51312,1669,100463498,7184,4259,7374,51327,1992,2994,23365,8661,23204,6207,1843,216,27102,3309,348,56261,6168,11224,5087,92675,967,2309,6637,5880,7852,6160,6574,746,92241,51347,114757,7153,10950,1371,10695,7314,6142,58505,947,6622,2908,54149,71,7328,861,3329,5577,2778,6155,10952,11163,2207,28984,9695,7037,10095,387882,439996,54902,11065,4673,152137,3937,79870,79872,3728,81539,7351,54543,84790,1511,83540,2205,5657,6234,2057,29015,6925,9334,5552,2923,53827,6173,83442,6304,119,5641,6521,4691,65108,2969,3146,5315,22974,4605,1191,64747,55796,4946,1973,6171,4833,3921,57597,3945,11198,6181,56961,7884,9553,669,7086,6189,5150,6193,6159,55646,283450,6143,3615,2760,3042,55432,4904,92140,6229,6203,2624,5216,6275,6208,26994,4282,805,8531,5757,6136,7533,4925,6138,9450,7791,83719,9124,4345,55437,9920,1984,9787,4784,6185,7178,6231,10661,6693,29091,23313,301,6036,10487,10581,1178,10606,6648,55553,3665,284,2730,6204,8832,124540,4831,26586,7177,28638,2313,2934,84295,9840,9709,3727,23039,1050,387066,4311,6708,51411,51252,4192,7389,2354,5606,4172,898,29128,1938,8763,10874,6134,23608,25996,1791,7145,6125,2113,3833,10124,4046,23305,6192,996,7357,7150,100463488,91703,10024,6223,3903,6188,6158,8991,51237,9055,4942,4609,4257,55353,4353,983,9788,10383,1327,10628,5580,5093,3159,441951,963,1439,6232,79026,23234,3161,6137,5270,3674,6169,241,2040,3043,665,81618,6167,55819,3608,3394,11151,7805,2771,144983,2745,5292,3326,332,6170,2038,84321,81689,2023,10870,85414,847,23589,5305,1163,4209,7094,7155,358,2171,10576,6403,2162,6222,51522,25793,678,80315,7263,3512,6156,10422,114908,1441,5591,6218,54386,4635,10370,50865,2030,5273,2993,3838,641638,4208,2597,51512,5052,83706,66008,118788,1831,5478,116151,150,2316,8780,951,6209,170954
