8	4353,811,5552,6036,4069,51316,400668,7184,3309,2597,566,2023,9188,1052,4257,10130,3543,23406,1359,5034,10673,7431,1511,334,6037,4904,1675,5657,5000,932,2171,4925,60,2896,26135,1072,3312,8530,3490,1475,10981,1991,5757,2521,2923,6320,1050,301,10376,9920,23313,9194,3106,9553,5901,3181,3192,5315,133418,8031,2316,4691,71,567,10972,26986,302,6157,5478,83641,708,4282,821,163732,9045,847,84106,4673,1973,10095,10492,9601,92140,10606,3956,3182,140707,4170,3329,220988,6421,10169,1984,1441,292,7529
7	10376,3148,203068,3151,3925,7298,3146,51203,10383,7153,64710,9212,1854,11065,1163,55723,890,332,60,9133,1841,55143,9232,1719,4288,7112,5111,79019,22974,3833,6241,1063,5901,7314,4176,29127,9055,7083,10051,84790,6240,23204,6628,10024,29089,983,991,5885,56992,55038,64151,1033,26586,5478,81611,7913,150468,3181,10460,5216,23234,64946,1058,10635,9824,292,3161,11004,7283,4001,2597,57405,891,11130,6421,23397,79682,8836,805,4085,3835,11339,3320,3150,25804,387103,10971,24137,9184,4904,4502,10112,79022
4	10376,203068,3925,2597,4176,7298,6691,2023,1719,83879,4175,4282,4171,6194,5111,4173,7913,8420,6187,4522,4172,6122,6628,1933,2956,4673,4678,6189,8099,7374,51659,64946,6240,4904,6222,3329,3315,7884,1854,6228,3070,6202,3151,5478,23234,2950,6168,116028,7398,5052,5902,4257,4736,6130,3615,5464,6142,947,51514,10606,284422,3978,790,51495,55859,3182,6175,3326,1021,4691,476,9377,2237,6119,79022,6218,5901,1869,3320,1111,6223,6427,6124,3945,4174,5036,10280,6941,55723,10410,8914
1	6187,60674,8763,1393,441951,3133,6402,6165,6160,6235,6208,6691,6129,6222,84525,551,6142,6138,678,284422,6188,1043,55353,3094,947,26986,6189,8204,6210,6130,6223,6202,6233,84973,81558,6161,6169,6205,6232,9349,6125,6203,6229,6176,8842,6141,6164,55859,7178,5052,6228,6135,3646,6156,4883,6122,6154,6146,9834,4666,11030,6227,6167,6191,4869,100093630,3326,114915,6137,51347,6234,84650,10480,4313,79101,4736,10788,7086,6159,6158,25925,951,9241,6152,6194,6204,6209,23521,253827,100463498,84273
0	2353,1843,1393,3131,2354,6164,8763,3133,60674,6165,4300,3727,4170,80177,7431,3725,9349,1831,551,10365,7846,6137,6135,7178,6189,6156,6222,3315,5742,1191,8204,4929,1974,6160,11030,6169,684,100130733,5593,3094,6228,3423,5101,960,6208,6129,951,6170,216,3646,2197,6233,3326,6191,27253,55859,6296,114915,54543,7128,53827,8835,283420,22915,6188,2949,9021,4883,9314,90102,5734,6166,8722,5092,117289,2495,2681,253827,22998,23645,6133,4192,1005,6232,441501,6237,4666,3123,79901,84973,467
2	2205,55313,2624,30061,5087,7078,9840,6648,4354,25927,54360,100187828,3045,26137,150,84898,1992,2766,3553,5101,56259,51701,9562,222166,1359,5552,5567,118987,90102,3987,60674,3248,2069,27306,5341,441951,80177,10257,158326,11142,1439,55589,23545,9050,25832,81558,65108,3732,2623,2920,216,55819,84281,407008,283131,2589,1191,54741,84620,1028,10661,29091,116931,64798,2495,56603,5724,5777,9200,9829,55852,3386,83857,7094,326624,8832,64407,11237,9124,9645,9844,25925,2114,91768,1428,641649,54149,23613,5742,2512,1393,23564,4122,2200
6	3512,6691,7114,4050,9834,8848,6659,3507,28951,2778,567,4311,643529,54541,7940,5996,860,84525,10409,9808,3936,3398,4885,84270,972,11151,91703,26999,3205,100463489,28638,10418,6518,1633,6304,963,100463486,51523,3106,4094,7805,5997,81539,7178,1153,9214,7071,83442,100463488,10870,4299,79956,10628,3683,89822,1236,92597,1043,115207,23175,5355,9168,84973,9537,54585,51466,7316,11031,2934,1509,7852,9516,7305,3142,100463498,8543,5645,9592,864,10957,27004,4046,3105,25777,3726,83719,2353,4330,51669,399,27128
3	3543,567,71,60,2597,3178,3925,5757,51316,9168,1915,6176,3151,7114,6168,5478,9315,144983,3936,11151,10376,6234,1072,3956,284422,292,4673,3394,2778,100463498,6402,6217,4925,6138,3150,6175,118788,3146,6228,6224,4904,29128,51465,4267,6157,6235,6202,972,7171,6167,6428,2322,51142,6158,6227,3106,9045,5935,3181,6218,6727,4670,6421,6143,10169,6206,6134,4175,1791,6205,6223,6122,387066,6691,100462977,100,10870,6124,1655,6128,9377,3312,2171,11224,3921,3192,10109,7170,7431,7311,6304,203068,6130
9	25927,10661,1439,286,3757,7037,759,2623,5577,100187828,3045,118987,645,677,6277,123,7263,4609,6624,51252,948,56259,64168,3182,25793,210,3043,652995,25996,51564,23234,8420,341,836,81537,27250,1435,6275,7389,3674,3146,9124,94274,11142,644538,7036,4357,9562,1984,348,65108,55437,7168,2624,999,5270,30061,10395,94240,28951,7504,5912,5820,4072,2205,8832,5818,29985,84079,6005,4774,84301,25874,10220,2057,4282,27113,119,10276,23613,375061,2014,51327,6776,27131,540,959,10591,11001,79154,9435,3145,10257,7094,26301,2235,8372
12	3133,831,60674,10576,22915,25983,6164,752,10130,222166,2887,2353,25847,114915,9392,26355,10904,100505881,6691,283420,8539,8099,55843,928,10422,1520,51201,128077,10553,7009,7385,54890,90271,10346,51374,7936,64981,7409,23154,27000,5411,2766,30834,54465,220594,83871,10243,835,51652,115294,57223,5373,116984,27350,8228,100129482,63979,51705,8531,9145,6880,715,391,85403,57531,84316,5936,55211,55313,10768,56931,51108,11020,256281,57234,64793,2280,10567,260294,90480,54432,93183,23235,255488,26003,6147,6728,25932,950,6618,5189,54865,55783,118460,11010
10	5341,3674,9124,4052,7114,5087,5908,7450,7414,5577,83706,64407,7168,23446,8407,55819,84620,4354,10105,7094,3987,5216,10257,967,3937,4149,2766,60,6648,9050,2934,5196,6403,239,10954,150,1603,3553,6654,1191,87,63874,84281,80230,55907,116931,2313,100187828,3045,8832,5292,395,2623,4900,25780,2316,54149,10220,84790,84898,22915,928,25915,9209,1992,144203,9562,84316,3796,8372,92675,2624,11343,6571,10095,161882,1004,2776,348093,201294,3309,2212,134957,4061,5742,8536,10395,55589,400322,54020,23209,5054,349565,116173,8459,5552,5360,23545,148823
11	10376,3148,3925,203068,3151,3146,3543,7298,51203,7153,60,10383,7112,5757,64710,4288,5478,7114,29128,1163,1072,6241,3150,3418,71,2597,9212,11065,11151,332,2778,292,6240,4925,805,3833,23234,567,9168,5111,1719,3312,3181,81611,10051,220988,29127,1854,51316,55143,9315,3936,1841,3394,1063,4176,5885,10123,983,387882,6727,6428,11130,22974,2146,7431,10460,972,4001,9184,6421,8826,7913,387103,8655,79019,10949,1791,6434,10572,25804,55723,1033,5216,9918,4267,5901,4904,63901,29089,4605,27338,9987,9261
5	1791,7114,29128,71,4267,3512,3543,7441,114757,973,4050,9168,55824,7462,100,5757,2745,4311,84186,9315,4299,23389,6402,28638,89766,3146,3575,3903,257194,51465,3925,3561,2908,963,4121,6304,6925,170954,2597,5478,2995,962,5896,26999,1879,10123,53335,972,94241,8540,3490,1316,1633,84959,51237,10163,11151,92241,3507,54440,81539,4638,753,7852,30011,54331,896,57217,316,9695,2113,100463489,9834,9214,2971,6659,9262,29760,5366,4092,79870,3312,5579,5175,6175,4851,8522,26031,64167,9404,57597,3959
all	9188,3418,26999,972,5885,54360,8835,5373,27113,6776,89766,6152,23521,8407,4736,5355,10972,54432,4354,10567,3543,3248,55589,5908,84898,3145,10409,375061,6005,60674,3094,759,5101,5935,3131,11031,6237,6154,1236,3987,6161,84301,10591,349565,23613,391,4929,1719,9241,6228,3398,51523,753,551,10904,4638,4170,55783,8031,150468,6194,2920,29127,644538,6402,100187828,3045,292,7112,1915,6241,10163,9918,7078,5111,51659,5567,7441,932,23209,54890,860,6235,6187,645,23545,26986,10673,79022,10220,8204,116931,94274,540,4288,51374,53335,56259,3925,1033,5036,6122,51203,1854,81558,84281,387103,27338,2280,90102,6571,81537,4092,23564,23446,63874,54020,399,7913,6217,1072,51652,10480,6320,4774,3646,11343,9404,64798,25927,341,7529,256281,4299,5734,64946,80177,4883,6135,4175,6141,5936,1633,566,5777,7431,51201,8459,257194,5818,1316,3757,864,6147,4666,7398,9349,100505881,10365,6133,284422,10105,1359,134957,5196,100463489,8848,84186,4072,10257,54465,7071,8530,1052,5366,10410,7846,3956,8539,959,6146,9200,27004,4502,30011,3312,163732,94240,3105,55824,6227,395,10460,7936,6691,1021,100462977,3726,7316,3507,684,2235,11020,57234,2069,9184,24137,64407,2766,999,2322,9050,84973,6727,5360,643529,3575,8836,9133,2237,94241,1655,7168,1058,326624,1005,85403,29760,51316,26301,3151,148823,2887,116173,567,5092,10788,3553,10957,4085,836,9435,9808,4300,10572,25932,83879,5464,93183,960,23389,441501,821,890,29089,26137,5896,10492,158326,3182,5579,92597,6210,3561,973,144203,23175,51669,2681,6165,8099,83871,3732,255488,4149,27131,2212,891,22915,2495,2353,7450,83857,3070,161882,7504,3148,9212,3315,6427,9232,4052,10123,4173,6728,4069,896,7009,6205,8420,10418,7414,7940,407008,5034,3205,3181,26135,1063,11130,7036,6166,6130,1393,991,1991,6037,51701,10051,3320,677,1603,100130733,1435,23235,6191,63901,7283,2512,84620,1004,10109,6224,3133,6240,1841,133418,6624,11142,9645,7170,2200,1509,6119,123,25847,962,4851,6233,4357,64710,6277,23154,8543,6202,51108,4176,3423,641649,2950,51705,5189,2995,10169,400668,1153,55907,25780,2896,201294,6206,5901,4267,9262,10346,5645,9214,51142,7305,51564,27000,128077,7171,302,9045,1933,9315,28951,55843,64168,5820,64151,100093630,100,25874,9261,87,10112,57223,2014,5997,116028,10981,27250,25777,3683,5341,55038,140707,2956,831,1675,5742,283420,1043,30061,118987,4050,54741,79101,2776,4174,7298,8826,100463486,9194,7083,10130,5175,11010,51466,5902,54865,1475,3192,10768,9377,84525,2197,6129,84959,400322,6157,3796,3936,3490,89822,203068,3725,55852,26031,7385,51465,334,1520,3978,6421,4869,4171,5912,1879,9209,260294,84106,10553,55143,57531,4313,210,115294,23406,9168,79154,10376,9145,9829,8522,55723,7114,2521,57405,8540,117289,100129482,26355,286,9314,7462,7409,6176,948,928,3178,6428,10954,2589,23397,4678,6164,6654,60,54331,811,6659,6128,55313,6124,8372,83641,3123,7184,100463498,7374,9021,51514,1992,51327,6628,55211,5996,23204,1843,216,3309,348,84650,6168,23645,11224,5087,27128,967,92675,7852,6160,92241,51347,9592,114757,8536,7153,7314,6142,947,2908,27350,54149,71,3329,115207,5577,6618,2778,7311,64167,5724,283131,81611,9695,7037,10095,387882,4094,11065,4900,6434,4673,3937,79870,790,4121,81539,54543,84790,1511,2205,6234,5657,4670,2057,6925,5552,2923,9824,3150,708,348093,84316,79019,90271,951,83442,53827,6304,119,9987,4691,63979,9562,65108,3146,22974,5315,4605,9601,1191,10635,652995,118460,79956,1973,11004,54541,3921,57597,3945,7884,9553,1111,7086,6189,56931,6159,57217,6143,3615,253827,4904,92140,6229,752,6203,2624,5216,6275,90480,6208,4282,805,2949,56992,467,8531,5757,8722,10243,11030,6138,4925,4001,64793,4061,83719,9124,80230,55437,9920,1984,2623,7178,8655,84273,10661,29091,23313,301,6036,10606,84270,5054,6648,27306,6175,6880,2114,10276,6204,8832,26586,28638,2313,2146,2934,3106,116984,6941,9840,835,3727,1050,387066,4311,4192,51252,2354,7389,4122,29985,4172,1428,91768,220988,29128,8763,6134,25996,1791,11237,6125,2113,3833,239,2971,4046,54440,11001,3959,27253,100463488,91703,10024,3903,6223,222166,6188,6158,5000,9537,56603,51237,9055,3835,25832,9834,1974,4609,4257,55859,30834,220594,1028,25925,55353,4353,983,10383,3142,10628,476,441951,963,7128,1439,4885,6232,23234,9516,8228,3161,1869,6137,5270,3674,6169,4330,25804,3043,715,6167,84079,6518,55819,9844,3394,11151,7805,4522,2745,144983,5292,79682,3326,9392,332,10280,54585,6170,51495,8842,2023,10870,847,10949,8914,1163,22998,10576,7094,2171,6403,316,6222,25983,6296,25793,7263,678,25915,3512,6156,10422,1441,10971,6218,11339,64981,26003,2597,950,83706,114915,118788,5411,1831,5478,150,2316,79901,10395,3386,5052,6209,170954,5593
