2	3040,6521,3042,3039,51327,100187828,3045,3043,55363,2993,759,760,7001,51312,212,2994,4259,7389,7037,3145,645,3148,6241,6006,23456,2495,948,10376,210,7027,51629,7283,1371,286,358,7351,6005,4605,6710,116151,4288,203068,3068,10661,3029,2038,6708,482,2995,5886,119,51203,147015,3930,51621,1510,6622,4635,10383,10107,2057,896,10422,8991,23762,2730,6513,9258,2996,2235,55466,63891,3792,9055,81558,360,7390,4942,3418,2039,85413,2872,983,28984,5111,6536,29028,6007,3958,114625,996,7153,1719,8850,10950,2532,7145,54997
3	3553,4609,25927,1439,6159,51564,3178,1933,3674,6210,1915,6218,65108,6124,6205,3326,6125,6168,6234,6191,6235,6202,4869,6134,10154,4736,28951,2624,6193,6160,6142,6130,836,54360,3615,6139,6228,6137,6138,6222,6229,118987,9124,6154,6167,30061,1021,5270,55819,6194,6201,6624,4666,6230,6133,9045,56259,6659,6776,6157,23521,6129,6156,6122,6152,8848,4282,6146,6164,6161,5757,4067,6189,6173,9168,6141,6233,94240,2014,27250,60674,6232,3727,6169,6187,805,8766,64864,6171,5567,94274,9218,677,3945,6203,6208
4	6277,51252,3043,3757,759,6275,7001,948,2495,25996,4000,51327,645,3320,10988,831,55505,81606,9145,4833,119,51522,8644,59342,54504,4774,10874,908,216,3146,3040,3039,5313,50865,3148,4942,89874,11282,26262,388962,81853,5111,25941,2022,4072,5605,220963,55466,286,203068,2030,53947,50486,8761,991,7037,5902,10162,1510,3268,10422,375061,55502,4953,3312,56647,6636,55646,10131,898,79366,81579,2288,3329,6005,38,6240,3860,57291,10661,9133,3182,1984,7263,2108,10376,10494,55003,22836,3336,64801,6717,4605,23413,3608,9374
14	5341,5087,3553,6648,10581,7114,2624,55353,9124,3674,5908,8763,7414,2313,150,8204,8407,22915,71,84620,55819,64407,3987,83706,2205,84898,116931,3937,284,54149,23446,10257,23564,10217,10659,7078,1191,5196,92675,134957,5567,1021,4149,1992,6138,397,54360,23545,5742,951,6654,4208,5216,60,5101,7450,6191,947,83442,29091,54918,4052,64798,4061,84281,2811,3992,6159,4067,1192,3326,3945,2934,6228,148823,1915,4736,4781,30061,6210,9050,641638,3178,6776,56897,1603,2114,7178,7408,6403,4883,9840,6130,8099,54020,10154
0	6691,6402,7178,972,947,441951,60674,6191,6160,55353,951,1043,6137,1393,4673,84525,6134,6164,6189,6156,6159,4736,6210,6154,6138,6222,6129,6205,6228,6125,6142,1915,6235,71,6232,6229,6135,6165,6233,6133,4192,4666,6206,23521,6169,8763,6143,8204,10581,6130,6170,6208,6146,6122,6202,6139,284422,641638,6204,6188,6141,6167,6223,124540,6194,2197,6161,6653,6147,9349,10410,6193,6203,115361,199,4883,5101,6234,11030,8842,397,6176,3094,6224,6168,6230,6187,6173,6152,6218,6201,7940,22915,10399
13	1669,5552,566,1991,6037,4680,1511,6036,8530,6286,4069,932,4353,7114,100133941,5657,671,706,1668,4925,1992,6590,5034,5315,1088,6280,51316,11031,2597,2934,6279,6282,7305,241,1475,4332,87,11151,397,10870,60,4818,306,284415,266747,83641,25801,1509,6320,1308,7805,10095,133418,10493,2950,54902,967,2512,4946,4082,351,5226,26996,966,10109,2896,1200,2771,978,5273,5880,51734,311,4249,2023,10169,10409,5872,10092,26577,1535,156,84153,55859,1072,54976,5223,10227,211,1053,25824,5695,4637,55695,3936,199,56729,10562
19	4069,972,7431,7114,2896,302,3956,23406,3689,25939,2353,71,9168,7538,3394,10095,3936,60,83442,64231,2162,79026,4353,11151,1052,567,10109,122618,5315,5552,5216,1520,7791,2771,1471,1072,4332,2207,7305,23313,10875,1475,5452,3074,3570,6036,6281,9450,10487,1316,4478,962,5579,5660,10097,1890,23765,83641,5341,11010,963,6282,115207,9314,301,2316,10092,1622,10261,10094,219972,3059,729230,2355,4064,2597,7529,2876,10673,1958,7184,8826,51316,29108,163732,2950,3726,10870,11006
18	212,3039,7314,3040,6622,51312,3043,51629,665,25853,8031,23608,6521,598,669,51094,2235,2035,8531,100187828,3045,9921,51327,51218,65125,55544,8991,2987,116151,3958,55437,4601,2935,8780,55432,4354,2309,26994,25793,5305,5606,2766,7145,11345,55796,2039,439996,645,4946,6478,2752,83719,23582,2995,2038,7328,9645,54386,759,3042,25893,3848,22934,7095,81689,51759,7320,27102,91300,57095,4784,682,143686,80232,115330,27013,10289,6563,11163,55831,23558,81631,3029,5494,221895,10098,23365,493856,84164,8850,23770,9491,1508,84932,66008,23479,4860,63893,1032
20	5657,1511,1991,566,5552,4353,8530,6036,932,5034,6037,4069,6320,1992,811,400668,4082,51316,4925,83641,3309,1441,1669,7114,7184,7873,10981,4257,1475,1672,5315,10227,10673,4680,1052,8673,26996,23601,10095,160364,1130,309,9334,10109,9920,706,8635,2526,163732,2597,6286,55859,84106,221184,2023,10370,4332,5273,7805,6518,2672,284415,10613,10870,57409,10263,290,6748,2316,5223,6967,56005,5476,9454,10493,124565,133418,5479,6282,11031,84034,10169,9871,2260,25801,351,55356,1312,167127,58527,3936,79001,23753,3903
11	2993,55363,6521,3042,3040,760,100187828,3045,51327,759,3039,3043,2994,51312,23204,212,3145,7037,3148,6708,6513,23456,378938,2038,4259,259266,645,9232,6005,7001,6006,7389,51629,6622,2040,3029,948,1063,286,7027,210,66008,28984,358,1371,7145,2235,7351,2996,3068,2039,23762,51274,2730,5886,114625,3930,10107,10383,8850,6710,9055,1514,8991,27338,9133,55553,27102,51203,65125,116151,26586,3161,2532,1062,9787,5606,4288,891,10024,55466,482,22974,2995,7153,51621,55635,10051,996,119,84790,23305,10376,991,1874,994,6007,25793,360
17	2206,1178,2624,241,8543,1359,2205,932,5552,7852,1439,301,3067,85414,967,7177,10581,861,2353,9452,6036,5997,7114,3248,25825,7431,694,79026,567,7360,2113,1051,23406,240,1191,3956,7805,4052,10484,3936,5341,1050,54947,7503,359948,7178,1843,6571,71,2081,23765,3082,55819,819,58513,2354,2896,285,60,23478,9590,27306,10493,9516,963,10970,6134,64764,2207,5034,4627,6224,7305,9685,407008,9252,7171,6176,5880,5000,3689,2752,3964,6402,87,5008,3903,8832,4170,1622,10409,54932
6	51312,6521,3039,3040,212,100187828,3045,23039,3043,6513,665,51327,6622,9911,66008,51629,2038,378938,3042,2040,5292,55544,598,669,286,7145,7095,80315,65125,3145,25893,8031,7328,7314,2235,8991,23608,7037,2309,645,5606,2035,8531,11163,759,51218,6563,10124,54386,4601,6708,439996,3958,7150,25853,682,8140,4784,55553,2993,219899,80232,5886,23305,6005,116151,55363,27102,283450,2994,51094,2987,85462,9663,56261,25793,122416,30061,4354,55437,8780,92597,23762,9921,10098,2033,4140,1983,2766,2039,10826,2729,55432,4860,283131,25897,55831,10107
7	1791,7114,71,972,29128,4267,6925,6402,170954,6304,257194,9168,114757,973,26999,84186,3507,4050,55824,3543,7431,9315,100,7441,28638,53335,4673,7462,3512,1879,963,3925,6134,567,54549,7178,11151,124540,1915,29760,2597,6659,1043,3575,397,51655,5757,5579,2322,57597,975,3903,6160,6228,7940,3399,92241,51237,6176,23389,2113,6206,6143,4736,4311,6691,4299,89766,114908,3178,8540,3728,5896,6210,6223,641638,51465,23048,23635,2745,6235,8835,6202,4345,6138,6167,1316,6205,23521,7155,26086,3561,6234
9	4353,3543,811,71,972,6402,4673,7431,2023,1359,7494,7114,284422,2353,567,3309,51316,6691,2597,3490,1973,400668,6678,2171,4257,2162,334,2355,6218,6142,1441,23406,6653,7184,3570,1915,678,6229,947,6137,10581,6157,10673,5315,2322,2923,23048,6138,861,6130,3326,6158,6234,3615,6159,301,3936,3178,5341,83442,9168,6228,114908,6134,23471,84106,3315,963,2120,6129,26986,6210,51465,6304,6235,596,1622,6205,4736,7171,1992,4666,1316,84230,6201,9920,10109,6191,3394,10981,10130,114900,4478,54549
12	4353,811,5552,1991,6036,5657,51316,3543,3309,7184,566,1992,400668,1441,1359,2023,4257,8530,10130,2597,4069,5034,5315,2923,301,5479,334,6037,1052,4925,1511,3490,4673,2162,932,7873,71,2353,10673,6320,567,7494,9920,9601,10109,678,7431,7114,10981,5273,64778,2171,163732,1675,821,6748,92140,3082,10095,56670,2821,8673,1050,284422,2526,3315,10952,8635,64747,6967,84106,746,6678,10370,27044,3903,10235,23753,87,847,58505,10493,6747,1130,23406,2896,51465,3936,6745,6653,10972,4602,23471
15	3925,972,6402,71,7114,3151,203068,29128,3394,10376,3543,7431,567,6925,4673,7171,51316,860,3512,26999,7153,6689,9261,51203,387882,6691,9168,11151,9315,23231,64710,11065,7298,3507,122618,3665,5579,596,963,1791,10518,2322,60,6659,3148,219972,152137,3936,257194,170954,3563,9212,28638,3514,4046,29760,3833,3146,53335,7112,118788,54549,6039,81618,7178,5757,1163,8826,55723,1808,9709,83442,5880,3419,6304,202309,6653,4288,3956,1622,284422,7852,1031,1316,25939,5355,5341,25777
1	51252,3757,6277,25996,3182,25927,4869,4904,6124,2495,3146,3183,3329,3326,216,5478,6168,5757,1933,9045,9349,25874,6234,4282,1984,6218,1975,11331,6210,9990,6228,8761,3178,6152,1915,4691,6125,6187,25873,6205,6275,6173,6217,6188,6206,6132,51142,6227,6202,6139,26135,4609,6193,6233,25941,6167,6144,6159,6235,6194,4736,4666,6156,23521,3688,9377,6207,6165,6160,3181,6224,6130,6138,3312,6161,6647,6164,3185,6122,5093,6201,6229,6189,341,6232,6222,3320
8	2353,7178,1393,972,60674,441951,6164,8763,6191,951,947,6160,6156,6165,6189,6691,6137,5101,6402,6133,6135,8204,6154,6232,6129,6222,84525,4666,6170,4736,6125,6233,6228,6169,6134,1843,55353,1043,6210,1915,6206,6138,4192,6229,23521,3131,6159,6205,53827,9349,6139,2197,4883,6208,6203,11030,6235,6204,3094,551,6130,6653,9021,80177,6167,6122,22915,6202,6161,6147,170622,6152,6188,6194,684,6146,3646,6173,6142,84707,10581,1974,6224,6856,6230,84973,5788,641638,5087,6143,5593,678
16	4069,2896,4353,7431,5552,6036,7114,972,1052,3936,1475,10095,302,2162,10109,2353,5315,51316,567,3689,71,2023,2597,83641,60,5657,932,1072,2512,3394,566,64231,23406,397,3956,9168,7529,7538,10673,678,387066,1991,4946,6207,2771,11151,23313,2778,5034,6176,6224,4257,7184,10981,811,301,25939,309,4673,26986,10169,1511,6170,8635,163732,1200,9349,10097,10094,5660,1622,7791,83442,9553,3150,967,706,10870,5216,334,2316,6208,5452,133418,4332,3309,6173,2950,10487
5	1991,5657,566,4353,1511,8530,6036,5552,5034,811,1992,51316,400668,6037,932,4925,3309,2597,5315,10130,7184,1441,2023,3543,4257,10109,567,6207,4069,397,10169,10981,6224,10673,6208,5479,821,8635,6320,9349,6176,847,10095,6231,6223,6170,6129,10952,7114,387066,23521,4673,6165,6189,1052,2778,7873,92140,7494,1072,6167,6187,6206,6139,1359,6135,58505,6122,8673,6168,6194,6147,284422,2923,6164,3646,6173,10972,6233,9045,9920,6143,6154,4602,3490,1312,6217,4715,6169,3936,6157,6144,5037,6202
10	51252,3757,6277,25996,203068,3182,2495,4904,3146,3312,5093,4691,3329,55505,25941,25874,3148,3320,1984,51142,805,5478,908,1854,10376,831,8761,5757,9377,6275,11331,3183,216,9045,9145,6124,4774,6428,7001,6218,948,10576,4869,1975,6427,26135,8655,2745,6647,10988,3336,9188,3184,1019,6637,10661,3326,6168,51372,3181,3925,6636,1933,6144,3185,9349,3688,6234,6717,119,3608,6187,27166,29015,5902,6632,6421,6152,2288,6132,2030,200916,5901,25873
all	359948,9188,6747,59342,26999,11331,3418,972,259266,54360,8835,3399,23521,6776,55363,6152,89766,8407,4736,10972,5355,2752,64864,4067,4354,3183,1471,3543,3248,6201,5908,6281,2876,84898,3145,682,26086,10409,375061,3689,6005,60674,3094,759,5101,54932,27013,3131,11031,6154,760,23456,1019,51734,3987,6161,9252,1719,285,55544,2355,26996,6228,63891,29028,9452,8673,551,122618,3336,4170,8031,11282,55502,8140,170622,6194,124565,6402,100187828,3045,2035,6241,1915,10518,975,2039,7112,7078,5111,57291,5567,7441,1192,219899,932,5452,91300,860,7538,23762,6235,55831,6187,645,23582,1051,23545,6678,596,10673,23765,26986,199,27044,8204,116931,94274,4288,64231,9990,56005,143686,53335,56259,3860,3925,7095,2935,23753,3419,27166,6122,51203,1854,56670,84281,81558,27338,6039,4478,6571,6513,3068,706,23564,23446,1053,54020,6217,1072,6320,4774,3688,3646,1808,64798,25927,341,7529,23478,1958,4715,4299,54997,80177,908,6135,4883,1032,6141,3958,566,7431,257194,1316,3757,29108,6279,6147,4666,9349,6133,23048,284422,10162,7027,25939,1359,134957,10097,10235,4680,5196,23770,598,8848,4000,84186,4072,3039,10257,6647,22836,8530,1052,51372,5476,10410,54918,3956,22934,6146,3312,163732,94240,55505,55824,3040,6653,51621,6227,11006,1021,6691,6230,5226,3726,10098,3507,684,2235,9921,114625,64407,2766,1062,351,2322,114900,9050,84973,1874,5037,23635,3575,3930,3563,9133,4140,5788,4082,29760,51316,3151,148823,4953,10399,567,2081,25853,80232,290,3553,836,6967,8761,6007,7503,10092,51274,23389,1622,64801,147015,7320,64764,821,55635,6478,5896,5579,819,3182,6590,92597,6563,1308,6210,2672,973,3561,10494,58527,9258,6165,55466,8099,4149,9911,5886,891,2495,22915,2353,7450,3992,2120,7408,26262,4601,3148,6006,6427,9212,9232,3315,4052,3059,1510,85413,4069,896,6205,7360,25941,7414,7940,407008,5034,3181,202309,26135,1063,2987,1393,6130,991,1991,2526,5660,6037,51218,10051,3320,10493,1603,9218,677,212,10227,10875,6191,25824,7283,2512,84620,10109,6224,6240,200916,1672,8644,133418,6144,6282,6624,51655,9645,1509,3514,3029,962,6745,6717,10131,6233,85462,3185,6277,2206,8543,64710,994,10826,6202,9454,2950,84707,6856,2995,10169,6139,400668,2821,2896,10988,6206,5901,4267,7001,3570,51142,7305,51564,7171,25893,302,9045,1933,54549,51629,51094,9315,28951,25874,57095,100,9261,87,388962,2288,6689,5313,4627,2260,64778,2014,5997,482,25777,10981,27250,5341,10970,5223,831,1043,1675,4050,5742,1130,118987,30061,84164,7298,5494,8826,10263,79366,4860,11010,10130,5902,6748,2108,1475,9377,57409,84525,2197,6129,8635,309,6157,23413,3936,3490,3082,203068,3268,51465,7494,334,1520,122416,6421,4869,1879,978,84106,6710,6636,210,23406,9168,167127,10376,9145,3067,7873,55723,7114,10613,8540,1031,286,397,7462,9314,65125,63893,3964,948,6176,58513,23479,5872,3178,6428,25825,219972,378938,4332,6164,6654,60,220963,6286,811,4818,6659,3792,84932,9685,9663,54504,7390,23601,5008,115361,6124,2729,23231,83641,5479,1200,10154,51312,1669,7184,4259,9021,51327,1992,2994,23365,84230,25873,23204,55356,6207,216,1843,27102,3309,56261,6168,221184,5087,967,2309,92675,10659,5605,7852,6160,9590,6637,5880,746,92241,2872,114757,1508,7153,10950,1371,7314,6142,58505,947,6622,54149,71,861,7328,3329,115207,9374,2996,2778,10217,10952,2207,28984,11163,1088,2811,283131,10095,7037,387882,439996,54902,11065,4673,152137,3937,671,3728,26577,7351,84790,1511,211,2205,5657,6234,694,2057,29015,6925,1975,9334,5552,2923,3150,50486,306,53827,83442,6173,6304,119,4691,6521,65108,1535,1312,3146,5315,22974,4605,4781,9601,1191,64747,55796,966,4946,2532,1973,10289,6171,4833,57597,3945,9553,10261,669,6189,1890,6193,6159,51759,55646,283450,6143,3615,5695,9871,3042,6632,55432,4904,92140,6229,6203,493856,2624,5216,6275,6208,805,4282,26994,56729,81853,8531,4249,5757,10484,115330,11030,4925,6138,9450,4061,56647,7791,83719,9124,1514,4064,55437,9920,23471,4345,1984,9787,4784,56897,7178,6231,8655,10661,29091,23313,6536,9491,301,6036,11345,10487,1178,10581,6648,6280,55553,3665,27306,55003,25897,284,2730,2114,6204,7177,124540,26586,8832,28638,2313,2934,84153,9840,387066,38,23039,1050,9709,6708,4192,51252,2354,7389,4311,360,5606,4637,23558,89874,898,29128,10874,8763,10562,23608,6134,25996,1791,7145,6125,2113,3833,10124,4046,23305,10094,54976,2022,53947,996,7150,10024,6223,3903,6188,6158,5000,8991,51237,9055,8850,4942,3727,1974,4609,4257,240,55859,55353,4353,983,10383,221895,5093,441951,284415,963,1439,6232,79026,9516,3161,6137,5270,3674,2040,241,6169,6132,54947,3184,3043,665,81618,6167,81631,6518,160364,55819,3608,3394,11151,7805,3074,2033,55695,2771,2745,5292,3326,156,79001,6170,2038,266747,3848,81689,8842,2023,10870,8766,85414,847,1983,5305,311,10107,1163,10576,7155,358,2171,81579,6403,2162,6222,729230,51522,25793,80315,678,7263,3512,6156,25801,10422,114908,84034,100133941,1441,6218,54386,4635,1668,50865,10370,2030,5273,2993,641638,4208,2597,83706,66008,118788,5478,116151,150,2316,8780,4602,81606,951,170954,5593
