8	4353,811,5552,6036,4069,51316,400668,7184,3309,2597,566,2023,9188,1052,4257,10130,3543,23406,1359,5034,10673,7431,1511,334,6037,4904,1675,5657,5000,932,2171,4925,60,2896,26135,1072,3312,8530,3490,1475,10981,1991,5757,2521,2923,6320,1050,301,10376,9920,23313,9194,3106,9553,5901,3181,3192,5315,133418,8031,2316,4691,71,567,10972,26986,302,6157,5478,83641,708,4282,821,163732,9045,847,84106,4673,1973,10095,10492,9601,92140,10606,3956,3182,140707,4170,3329,220988,6421,10169,1984,1441,292,7529
7	10376,3148,203068,3151,3925,7298,3146,51203,10383,7153,64710,9212,1854,11065,1163,55723,890,332,60,9133,1841,55143,9232,1719,4288,7112,5111,79019,22974,3833,6241,1063,5901,7314,4176,29127,9055,7083,10051,84790,6240,23204,6628,10024,29089,983,991,5885,56992,55038,64151,1033,26586,5478,81611,7913,150468,3181,10460,5216,23234,64946,1058,10635,9824,292,3161,11004,7283,4001,2597,57405,891,11130,6421,23397,79682,8836,805,4085,3835,11339,3320,3150,25804,387103,10971,24137,9184,4904,4502,10112,79022
4	10376,203068,3925,2597,4176,7298,6691,2023,1719,83879,4175,4282,4171,6194,5111,4173,7913,8420,6187,4522,4172,6122,6628,1933,2956,4673,4678,6189,8099,7374,51659,64946,6240,4904,6222,3329,3315,7884,1854,6228,3070,6202,3151,5478,23234,2950,6168,116028,7398,5052,5902,4257,4736,6130,3615,5464,6142,947,51514,10606,284422,3978,790,51495,55859,3182,6175,3326,1021,4691,476,9377,2237,6119,79022,6218,5901,1869,3320,1111,6223,6427,6124,3945,4174,5036,10280,6941,55723,10410,8914
1	6187,60674,8763,1393,441951,3133,6402,6165,6160,6235,6208,6691,6129,6222,84525,551,6142,6138,678,284422,6188,1043,55353,3094,947,26986,6189,8204,6210,6130,6223,6202,6233,84973,81558,6161,6169,6205,6232,9349,6125,6203,6229,6176,8842,6141,6164,55859,7178,5052,6228,6135,3646,6156,4883,6122,6154,6146,9834,4666,11030,6227,6167,6191,4869,100093630,3326,114915,6137,51347,6234,84650,10480,4313,79101,4736,10788,7086,6159,6158,25925,951,9241,6152,6194,6204,6209,23521,253827,100463498,84273
0	2353,1843,1393,3131,2354,6164,8763,3133,60674,6165,4300,3727,4170,80177,7431,3725,9349,1831,551,10365,7846,6137,6135,7178,6189,6156,6222,3315,5742,1191,8204,4929,1974,6160,11030,6169,684,100130733,5593,3094,6228,3423,5101,960,6208,6129,951,6170,216,3646,2197,6233,3326,6191,27253,55859,6296,114915,54543,7128,53827,8835,283420,22915,6188,2949,9021,4883,9314,90102,5734,6166,8722,5092,117289,2495,2681,253827,22998,23645,6133,4192,1005,6232,441501,6237,4666,3123,79901,84973,467
2	2205,55313,2624,30061,5087,7078,9840,6648,4354,25927,54360,100187828,3045,26137,150,84898,1992,2766,3553,5101,56259,51701,9562,222166,1359,5552,5567,118987,90102,3987,60674,3248,2069,27306,5341,441951,80177,10257,158326,11142,1439,55589,23545,9050,25832,81558,65108,3732,2623,2920,216,55819,84281,407008,283131,2589,1191,54741,84620,1028,10661,29091,116931,64798,2495,56603,5724,5777,9200,9829,55852,3386,83857,7094,326624,8832,64407,11237,9124,9645,9844,25925,2114,91768,1428,641649,54149,23613,5742,2512,1393,23564,4122,2200
6	3512,6691,7114,4050,9834,8848,6659,3507,28951,2778,567,4311,643529,54541,7940,5996,860,84525,10409,9808,3936,3398,4885,84270,972,11151,91703,26999,3205,100463489,28638,10418,6518,1633,6304,963,100463486,51523,3106,4094,7805,5997,81539,7178,1153,9214,7071,83442,100463488,10870,4299,79956,10628,3683,89822,1236,92597,1043,115207,23175,5355,9168,84973,9537,54585,51466,7316,11031,2934,1509,7852,9516,7305,3142,100463498,8543,5645,9592,864,10957,27004,4046,3105,25777,3726,83719,2353,4330,51669,399,27128
3	3543,567,71,60,2597,3178,3925,5757,51316,9168,1915,6176,3151,7114,6168,5478,9315,144983,3936,11151,10376,6234,1072,3956,284422,292,4673,3394,2778,100463498,6402,6217,4925,6138,3150,6175,118788,3146,6228,6224,4904,29128,51465,4267,6157,6235,6202,972,7171,6167,6428,2322,51142,6158,6227,3106,9045,5935,3181,6218,6727,4670,6421,6143,10169,6206,6134,4175,1791,6205,6223,6122,387066,6691,100462977,100,10870,6124,1655,6128,9377,3312,2171,11224,3921,3192,10109,7170,7431,7311,6304,203068,6130
9	25927,10661,1439,286,3757,7037,759,2623,5577,100187828,3045,118987,645,677,6277,123,7263,4609,6624,51252,948,56259,64168,3182,25793,210,3043,652995,25996,51564,23234,8420,341,836,81537,27250,1435,6275,7389,3674,3146,9124,94274,11142,644538,7036,4357,9562,1984,348,65108,55437,7168,2624,999,5270,30061,10395,94240,28951,7504,5912,5820,4072,2205,8832,5818,29985,84079,6005,4774,84301,25874,10220,2057,4282,27113,119,10276,23613,375061,2014,51327,6776,27131,540,959,10591,11001,79154,9435,3145,10257,7094,26301,2235,8372
12	3133,831,60674,10576,22915,25983,6164,752,10130,222166,2887,2353,25847,114915,9392,26355,10904,100505881,6691,283420,8539,8099,55843,928,10422,1520,51201,128077,10553,7009,7385,54890,90271,10346,51374,7936,64981,7409,23154,27000,5411,2766,30834,54465,220594,83871,10243,835,51652,115294,57223,5373,116984,27350,8228,100129482,63979,51705,8531,9145,6880,715,391,85403,57531,84316,5936,55211,55313,10768,56931,51108,11020,256281,57234,64793,2280,10567,260294,90480,54432,93183,23235,255488,26003,6147,6728,25932,950,6618,5189,54865,55783,118460,11010
10	5341,3674,9124,4052,7114,5087,5908,7450,7414,5577,83706,64407,7168,23446,8407,55819,84620,4354,10105,7094,3987,5216,10257,967,3937,4149,2766,60,6648,9050,2934,5196,6403,239,10954,150,1603,3553,6654,1191,87,63874,84281,80230,55907,116931,2313,100187828,3045,8832,5292,395,2623,4900,25780,2316,54149,10220,84790,84898,22915,928,25915,9209,1992,144203,9562,84316,3796,8372,92675,2624,11343,6571,10095,161882,1004,2776,348093,201294,3309,2212,134957,4061,5742,8536,10395,55589,400322,54020,23209,5054,349565,116173,8459,5552,5360,23545,148823
11	10376,3148,3925,203068,3151,3146,3543,7298,51203,7153,60,10383,7112,5757,64710,4288,5478,7114,29128,1163,1072,6241,3150,3418,71,2597,9212,11065,11151,332,2778,292,6240,4925,805,3833,23234,567,9168,5111,1719,3312,3181,81611,10051,220988,29127,1854,51316,55143,9315,3936,1841,3394,1063,4176,5885,10123,983,387882,6727,6428,11130,22974,2146,7431,10460,972,4001,9184,6421,8826,7913,387103,8655,79019,10949,1791,6434,10572,25804,55723,1033,5216,9918,4267,5901,4904,63901,29089,4605,27338,9987,9261
5	1791,7114,29128,71,4267,3512,3543,7441,114757,973,4050,9168,55824,7462,100,5757,2745,4311,84186,9315,4299,23389,6402,28638,89766,3146,3575,3903,257194,51465,3925,3561,2908,963,4121,6304,6925,170954,2597,5478,2995,962,5896,26999,1879,10123,53335,972,94241,8540,3490,1316,1633,84959,51237,10163,11151,92241,3507,54440,81539,4638,753,7852,30011,54331,896,57217,316,9695,2113,100463489,9834,9214,2971,6659,9262,29760,5366,4092,79870,3312,5579,5175,6175,4851,8522,26031,64167,9404,57597,3959
all	2014,9261,54020,94240,9435,84650,89766,7504,1435,950,4267,7940,29985,948,8536,9200,79101,4121,3732,93183,2589,53827,9262,821,284422,26355,951,11001,2995,10257,2057,5818,2069,1439,79956,6204,3757,2322,55353,7305,4122,752,100187828,3045,51705,1441,23446,100130733,334,6241,116173,84898,10280,3561,51495,967,7037,79022,6133,753,2212,9145,54543,9516,140707,81537,4072,150,960,4170,4061,476,84270,4883,51669,4311,1004,292,644538,4257,6210,999,6402,10567,5175,8763,5724,4638,255488,7036,3106,54432,54741,1005,81539,23235,972,932,55819,55852,23545,641649,8832,55783,10410,3683,51465,89822,25777,8842,7112,1603,962,7852,79901,11237,5734,10130,3386,5101,928,7009,6005,10553,80177,23209,973,28951,2280,3674,10870,10673,5355,963,3575,9645,25874,11010,3903,6518,283420,92140,10972,3133,51374,7168,51201,9537,6571,4851,27253,3105,23204,6403,947,959,90102,7805,83857,9214,2205,30061,1236,684,540,1043,3123,4609,133418,257194,84620,4522,9194
