6	3381,2878,3488,710,9370,6387,1471,4023,5919,5270,11082,1800,6424,2495,3240,183,5118,28959,3953,1356,1291,2621,1278,4254,1879,4969,54857,715,348,9547,387882,5069,25890,91851,146433,3105,55365,4942,633,4311,2824,493869,54749,3479,9452,5159,5479,1292,11167,79689,1281,10549,5348,6282,10410,9741,9936,1191,4016,10468,861,6533,3487,9509,6382,1545,29937,8848,349136,967,6185,79827,682,1009,26471,57333,253738,871,7077,716,2690,720,2014,8406,10516,9445,5654,2327,5445,1435,3105,7168,10577,4192,5549,7412,7314,3105,3827,84168
7	6387,9370,3240,7018,2621,2878,710,54857,3488,5270,1471,11082,1191,1278,3105,2495,1958,4254,1800,6696,28959,9547,1879,4023,6282,3953,3381,11167,633,9021,91851,4489,183,9936,6424,387882,6533,146433,10516,9509,3487,493869,1291,3726,2353,5069,55365,253738,861,1009,3105,1435,1356,1545,3727,10549,5919,10410,2354,7314,5159,2690,348,5348,871,4311,54749,9741,3827,2824,3827,967,26585,3671,4256,3280,29937,4502,567,682,2512,2296,5479,3959,3490,715,10577,7168,91947,5118,291,4192,10468,347,3321,3105,84898,26471,4969,7431
5	54857,6387,710,5270,11082,3381,3240,9370,2621,3105,9547,2878,1471,3488,28959,493869,1800,3953,183,6696,4023,1191,10516,11167,6282,633,9936,9509,2495,1291,55365,4254,6424,1278,3105,1356,967,3487,387882,84898,146433,3827,1879,1009,9741,5159,91851,5069,54749,10549,3490,10410,3075,3671,4256,5348,3827,5118,715,5479,348,51554,9071,567,26471,25890,5919,871,9452,3371,9528,7168,2824,6382,4311,4016,29937,6533,2690,10186,4969,928,4942,7314,10404,2013,2014,6383,1545,10581,1435,3321,3929,2274,2200,5789,1292,30008,3959,253738
3	6387,2621,54857,3240,9370,1191,11082,710,183,5270,10516,9547,3105,4023,2878,633,9936,11167,1471,7018,28959,3487,91851,493869,1800,6282,3488,3105,1278,4254,6424,3827,9509,3371,1009,55365,3953,2495,84898,967,3827,1356,3671,387882,1291,3381,1879,5069,5159,10549,3075,567,3490,715,6696,146433,54749,6533,51554,871,348,2274,9741,5919,10410,2200,10577,2690,25890,26471,1545,5479,4969,2824,29937,3929,9071,10404,5348,10468,253738,10186,4015,1435,6382,4053,7424,115111,5118,3959,349136,7168,2687,4311,9528,4192,4016,4942,6383,7077
2	1958,3726,2354,2353,9021,3727,6387,3240,2878,710,3488,11082,3725,9370,2621,5270,6424,3381,1471,1879,1278,4023,861,1800,54857,9547,7538,3280,6533,54206,10468,1843,4254,4489,28959,2495,91851,11167,7314,493869,1051,253738,3105,4616,183,146433,387882,6282,1009,1545,5069,54749,1191,10516,5919,26471,3953,2512,3827,9936,55365,3487,5159,871,2274,7168,5118,91947,283131,1291,51554,26585,2824,25890,1435,4969,633,2690,5156,687,1316,1903,3321,5348,8848,2252,9839,29951,7424,9509,9592,1050,715,7316,4008,4502,25939,7846,10365,677
14	7305,1043,6279,4069,241,6280,397,11151,5880,8993,83442,645638,51734,9535,3148,25824,1535,6688,653361,3934,7114,2207,5216,6888,820,100133941,50856,1536,199675,3936,3958,301,7295,10109,4689,6590,3151,2936,7940,57126,71,10870,23406,160364,6282,2821,3067,7086,1053,10096,4046,2876,63940,3020,1992,2597,5777,4057,26578,4688,5836,963,10095,10263,5355,1241,1164,3684,5788,7805,1116,255809,4258,960,5315,3689,389541,5329,80774,7408,10092,2212,83440,64115,2745,83641,7277,6277,10261,50486,9553,10094,7351,64092,951,5223,9588,706,23474
8	3371,3487,2621,56944,1295,9547,10516,6387,11167,967,9370,3671,6282,3105,5270,3240,1278,1009,9071,3105,633,567,1191,710,2878,84898,1809,3075,493869,2495,9509,9936,1471,11082,1879,3827,3488,4254,2012,183,4192,1050,1800,54857,1545,28959,3827,861,4053,25903,6696,1265,64236,871,3321,3490,4023,5159,25824,91947,1000,84790,7168,55365,91851,387882,348,1356,10186,1291,2200,7424,64759,2263,5789,2697,55504,7314,10410,3959,4016,9839,11197,5348,2296,253738,10468,25890,6533,1435,51554,2274,10398,5069,3479,10404,6422,4638,10577,84557
20	3039,3043,3039,3043,212,6622,23608,2876,669,100133941,9246,2035,51312,2993,84792,6521,91543,5500,760,1039,7029,3669,2235,25853,7351,283677,1983,51257,10107,63893,11065,51251,598,23480,55907,2038,26986,665,847,55163,9615,222642,23582,8869,9911,3049,81558,10197,51218,84668,6708,216,340348,55544,51203,1870,81689,81624,92014,55108,3145,10587,116151,54498,4005,8780,5886,92521,286827,286,79154,1510,645,7037,23039,7001,4300,344838,133686,7320,114625,6007,3029,117247,55553,2730,7389,8804,51629,6005,6710,219539,66008,92745,10158,4354,51646,51665,2180,9921
9	56944,3371,11197,3075,22998,249,967,2191,6696,3776,5745,1295,4322,4684,7168,25903,6285,1278,2697,5270,6277,151887,6320,1809,1356,1634,5998,2817,5480,3671,3977,2014,1471,284207,1000,9168,153201,6383,55504,1265,1277,1009,3956,4313,1749,51378,121340,84790,871,5740,4237,4060,9071,5789,27286,1303,10186,84557,166929,5118,1513,4016,10631,6282,54587,4519,633,10516,81035,2934,79776,649,5348,23022,11034,1363,8495,632,4323,860,632,23314,493869,387758,3105,11117,2274,11167,60681,567,23705,3479,2619,761,23612,79827,9741,9547,2012,64236
15	714,712,7805,558,5660,713,219972,1508,1520,30061,9672,7351,7305,8804,4069,2896,4360,2015,199,7940,5788,3162,4512,6235,2207,1509,140885,1075,1436,2752,5199,2512,3936,23646,121599,10659,440077,5641,27306,963,11059,10461,9262,6303,922,7128,1536,1232,4082,23150,3248,972,4170,359948,160364,3073,4067,1990,9308,9518,7412,27131,7163,124935,84986,284996,50856,11314,5724,10096,1843,847,58475,6850,6234,19,9450,9332,3766,53,3398,5452,6176,255809,3303,1535,5547,6168,3988,50865,23428,4514,3117,3304,81622,4094,2793,7538,5996
18	9547,3956,6277,114757,11167,2012,3490,633,3815,5176,6282,133418,26471,1893,3240,4035,6696,10186,84557,6387,3105,1050,10252,10410,3959,145264,3105,3290,5919,80760,9370,493869,12,4023,2192,1009,2202,710,2014,5270,9168,3487,567,25874,3557,967,3827,302,183,9936,7018,10409,7431,4240,10404,6342,84898,4256,50486,1356,4192,1278,3075,4638,4255,1396,81567,928,25824,5118,217,10581,3417,3105,3479,5478,12,2621,5931,5480,9509,4837,2878,168667,4015,309,84790,2200,5052,1290,3827,3459,81035,292,64968,84870,10516,7314,29937
16	7805,5880,7305,83442,26469,1043,11151,53827,5788,2876,3936,7351,2197,6688,6404,241,963,160364,51316,6161,960,6142,1520,5777,10267,4046,6001,26986,397,6193,9595,4736,10109,83706,6166,6234,11010,3921,3958,6143,64092,6231,9535,3429,962,1536,972,6207,6167,6275,10659,3164,2207,822,9476,6223,6203,4688,6175,90701,6850,6233,112616,653361,6201,6124,6154,6181,6222,1794,10437,5341,6194,1396,6157,7940,6139,196383,4869,8826,6235,6136,6141,6230,1535,6228,2123,257106,3676,6217,81539,51411,6158,27230,3689,6165,6039,6204,58527
19	4256,6277,3956,2934,1281,1277,114757,1396,4035,928,1634,3693,4060,800,4681,2192,4313,151887,23612,7846,4000,1278,5118,2014,2778,5396,10186,5176,7077,6275,7431,308,6320,3075,2012,7169,1292,4237,1410,6282,5348,302,1291,4345,83716,7043,871,5270,7314,54587,301,1471,23564,4637,6678,338773,2619,439921,5157,10581,56937,55384,7076,1363,10631,64236,3488,54985,55273,558,347,169611,1295,94031,5763,687,1290,8404,4046,55450,3479,80114,9902,7058,291,8490,26508,808,53827,83643,7295,989,8848,56944,389,51226,29937,79586,1293,4921
17	973,974,5790,11151,29802,3020,100133941,400916,5880,2197,8581,951,6231,6142,399,27230,51237,89790,5757,9595,694,6189,5450,1043,6170,6203,7351,84824,972,6161,6207,6143,1879,5050,397,6217,1844,6210,6201,4046,1267,6204,971,5079,6229,4033,6144,6223,7805,6193,6181,6139,6132,6136,6157,6141,390790,11142,6124,83442,3119,29760,930,60468,6850,7266,6230,257106,5966,6232,6147,10320,6218,963,9535,6158,1236,9168,23521,92610,11156,25796,6689,605,1915,27443,3921,5788,481,5997,55103,6222,9476,27086,6234,6224,6175,4736,5552
21	760,3148,10541,93974,6187,6175,5901,1164,3925,3149,3921,759,6176,6132,9045,645,10661,1854,6161,6124,6222,1371,6231,100133941,51218,6193,4736,11224,6122,6170,6204,6241,6136,5757,332,6158,6233,3320,6201,51522,6637,1984,6137,6206,6138,2876,203068,6157,7001,6159,6181,6202,6636,3068,6228,1841,3145,6128,6191,1915,9562,6194,6217,10376,6210,6218,6144,6160,26135,7351,4830,6142,6130,51053,6143,6139,6223,6135,6147,10383,7153,6173,6166,6189,6428,388588,3615,6154,3146,1058,6207,516,4171,2730,125965,1937,6134,4175,55143,4174
22	3953,6387,3791,64778,2167,6646,79812,91851,10949,10060,3091,7122,3488,7035,5159,57636,200894,11282,2034,4023,10658,6232,8828,22864,2113,7343,11331,7078,55576,2734,5335,1580,54891,1282,2768,253738,27436,116844,6176,22918,55291,331,55500,6881,90007,11007,79026,79834,4512,894,8829,3598,1605,5787,1009,9448,3572,161,81606,334,161882,84549,56935,4854,3678,57515,5089,6525,140885,1003,10075,9475,54676,83483,7049,57645,23140,23389,6651,8321,1059,2823,1785,4700,475,7026,160418,2022,11100,5789,10537,338328,23511,4254,26524,6925,79888,54462,4820,8837
1	55576,2167,7035,3791,7122,3572,51162,1003,116844,83483,9935,401115,2823,6925,2022,4360,3716,6188,7078,1580,7178,79812,10060,9349,2324,23166,11096,5787,7102,10537,7056,84734,948,1776,338328,10628,9467,2113,5552,6206,3764,6168,6232,6208,5999,51705,90952,4061,6224,1515,5175,23521,6217,6229,5138,2157,1601,1175,11183,57186,7026,11007,54538,6142,22918,2321,54922,6403,65108,6223,9991,83878,6210,6235,6154,2532,6181,5641,6230,6209,1525,7494,6191,358,6129,6176,6165,6234,57211,952,6227,6218,6125,6156,2004,5269,6164,7357,11318,50848
13	338328,51162,4071,5175,2321,116159,1003,83483,1282,22918,5787,116362,4061,51705,2791,947,153579,641700,2771,1284,857,9351,10266,6711,7075,8611,90952,146894,80177,187,6925,1397,801,10268,1948,84230,4478,25780,6446,11007,3384,53827,3791,2114,11343,9411,64123,57514,4208,3397,5420,23236,27253,475,92162,285527,50848,2004,3428,90139,25932,8751,2778,8404,54922,2167,54345,55075,858,55303,83878,3326,8125,5595,23263,2280,56935,140576,80243,7351,64856,3339,152189,8425,2113,2793,3315,10161,3707,91543,56920,2199,57493,9079,83442,51177,474344,10763,1845,7170
11	2167,9349,6188,6229,6154,6230,6206,7178,6168,23521,6232,7035,6209,6224,116844,6208,6235,6139,6217,6165,6176,10537,6218,6129,84734,6133,6189,6210,6181,401115,6191,6146,6233,6173,6202,2197,6227,6167,6160,6223,6142,6205,6228,1515,6161,6135,6164,6222,6128,6194,51162,6204,6201,6156,6231,6203,6137,6125,6147,83483,475,1915,6143,6158,6193,4061,4508,9045,1175,3572,338328,6207,6169,25873,6234,6157,2791,2823,6152,6155,6187,1003,4535,6134,6170,2280,7114,6144,5269,7122,10060,4512,6136,4513,4514,11224,4536,6159,3791,6124
12	7503,9314,7122,81575,2167,55576,116844,7035,7078,11096,5999,9935,3572,6925,10537,7832,1026,3764,3791,10957,3716,83483,6188,2355,1003,10060,3725,1654,2532,9388,2823,4360,51129,51162,1580,23166,7178,9510,10365,7056,10397,948,7102,5552,57018,65108,79812,2022,401115,7026,11183,4061,150094,84734,415116,10769,4056,3726,7494,10371,1515,694,1601,2353,51655,23645,9349,7357,90952,2113,467,9991,1776,11318,2157,9537,6229,54538,229,51705,5641,2114,54922,7052,2324,9507,9592,7538,29116,6206,6232,83878,9590,57186,9467,474344,51194,9435,7763,3394
4	7503,2167,116844,7122,7035,51162,55576,1003,83483,9935,3791,10060,7078,6188,6925,84734,10537,4360,3764,3572,79812,7178,23166,2823,11096,401115,51194,4061,90952,11183,81575,9349,2022,2324,3716,948,22918,5175,7102,11318,7056,1175,2157,51705,5552,2113,5787,10628,6229,1580,153579,7026,2791,338328,6224,83878,6206,9537,6232,1601,952,2280,65108,6168,4056,7832,641700,9467,11007,9314,7494,6217,54538,9435,6208,9388,6223,57186,6154,6142,1654,2114,23521,474344,54922,6129,6210,5138,6948,5641,256949,1515,50848,1213,6209,2004,10371,187,57556,374378
0	7503,7035,3572,2167,11096,3791,55576,116844,7102,9935,7122,79812,7078,2022,83483,1003,1776,401115,2823,7026,358,5787,7178,7056,6188,3716,10537,5999,29116,4061,2321,51162,4360,7357,23166,81575,9349,2532,57211,5552,5641,51705,161198,6925,948,952,9388,10060,57186,7010,2157,6403,84734,8727,9314,165,1580,6206,1515,6232,5175,2113,1654,140885,6208,6168,10628,90952,6229,7494,23521,9467,6154,11318,1213,6224,6209,2324,5138,6142,6217,22918,11183,229,6227,57556,6230,9991,146894,221395,2114,2004,9435,6164,56935,6223,4056,1525,83878,6210
10	7503,2167,7035,83483,116844,3572,55576,3791,1003,79812,7122,2823,11096,1515,10537,51162,4360,2022,401115,84734,23166,51705,7056,10060,5552,4061,5641,5787,9935,7102,6188,90952,2532,3716,948,6925,11318,1580,952,165,9349,7357,1776,22918,2157,7178,5175,6948,23643,338328,2321,4512,7010,7078,2791,10628,57186,55303,4056,6038,11183,161198,2113,3764,474344,9467,6224,1175,6403,57211,6206,641700,2324,23521,29116,6232,358,10161,5138,6229,6168,54538,7026,83878,221395,10791,2004,51194,3384,9388,10266,50848,146894,6208,64123,4508,1525,29015,334,6217
all	340348,2014,3598,255809,5787,9435,249,221395,116151,1241,10791,23428,23140,5159,7049,1435,682,8751,84792,140885,7940,6383,150094,1000,930,92014,7056,1232,10437,9911,3162,3384,5329,3815,2022,6404,2821,948,7412,116159,57515,51629,6185,19,1009,10252,4854,8829,4345,291,23646,50848,9528,6636,53827,51554,9262,79689,665,3676,90139,241,706,951,22918,79827,28959,56935,10581,23705,84230,90952,10268,152189,3119,4684,857,6204,9452,4258,10075,11059,598,5788,7494,3689,7305,3321,8828,1525,4071,10461,10320,51705,3953,7075,81575,7122,1545,9510,358,334,6241,84824,84168,8869,286827,9332,23511,84898,6646,1654,974,3776,6007,7357,7010,1535,2263,57556,558,5740,967,7037,338773,81035,50856,89790,5156,124935,2824,6133,2212,219972,9445,57211,2180,10060,2321,11314,960,29015,90701,3791,4061,4170,3977,54857,344838,6688,4311,55273,292,5420,199675,374378,9741,92745,10158,58475,6210,3572,3459,160418,388588,5175,160364,55500,5724,4638,2015,1948,11318,4921,2327,9507,1903,27230,2207,117247,2324,153201,9902,51522,10267,81539,2817,2123,972,4254,57186,6382,54538,2012,284996,641700,1371,858,1003,10410,83483,2013,4360,3429,1410,3693,2532,7102,962,971,112616,55504,928,9308,1605,6005,80177,8581,1580,55576,56937,973,2734,3684,3766,23039,2697,2280,53,10161,1513,6533,10870,222642,5355,187,3678,64778,2993,963,25874,146894,115111,153579,11010,4033,92162,9071,4323,8611,4035,114625,79888,166929,7168,2823,2035,57493,5348,9537,4008,9936,481,23166,4056,5745,3117,64123,6521,27253,81622,10266,64115,3105,54587,947,3764,7805,2690,6403,9672,8321,10186,55365,57333,516,30061,5789,1236,23480,10261,1043,133418,161198,1536,1436
