7	3043,760,1510,100133941,51522,3145,7001,3043,2876,3148,645,6007,4176,6241,3921,6175,6176,4175,358,7083,9045,93974,6240,6228,6124,6193,6161,1371,6136,203068,6222,4171,6187,10383,3039,9349,7037,10399,6194,10541,6210,6173,114625,332,5111,6167,6137,5901,6233,1854,6158,6142,4736,6223,10376,81620,55363,6154,6202,6141,6157,6217,6132,10809,92745,6160,3068,6224,2993,6188,6189,6169,4173,3925,6146,6230,340348,4174,4172,6218,210,50865,1058,6122,10988,51218,8761,10661,1915,759,6005,23521,890,6636,6229,6204,6152,1937,7913,6191
0	2353,6387,1958,9021,348,710,3487,2878,3490,2621,3488,1843,633,3240,5270,9547,7538,2354,3105,3725,3105,28959,567,1471,54857,4023,3726,7412,3953,9370,10912,11167,3399,4616,8613,4792,3371,7114,253738,4254,10516,3381,1545,1052,1191,55365,4502,11082,4638,1435,6533,4489,9509,183,3671,91851,3309,10410,7316,2034,3929,1356,5159,9936,79827,1291,3659,3164,6424,5937,8829,2495,26585,1282,6678,5919,716,9510,5660,4053,91947,1292,7018,5789,715,1800,1295,79026,51129,5069,51421,9445,3280,9741,8870,4082,7431,2263,51554,351
3	3487,3371,6387,11167,2621,4023,3105,3490,7412,9547,28959,348,6533,10516,3240,567,710,3671,633,54857,1295,1545,3105,4638,9370,1050,2878,4082,56944,8613,55365,25903,1009,5159,51554,5270,183,967,4254,253738,2697,2012,1292,1191,1291,7114,2200,3321,1435,5789,84898,5069,871,2296,2263,5937,8829,1000,9509,1284,3488,10468,3953,6678,4192,9071,1471,55504,3959,4053,6591,4094,81035,81618,4016,91851,7049,493869,652,9936,91947,7424,6526,3400,2274,7132,22998,9741,3399,11082,25939,3929,4854,4035,12,4969,1278,79827,9445,10410
13	3487,348,2878,633,6387,3105,3490,567,4514,3240,5270,2621,4508,4023,3105,4519,9547,6678,710,4537,9370,81618,4538,1191,1292,4192,9936,10516,4513,11167,55365,28959,9445,10577,3671,3959,1515,2495,1471,3488,4638,3371,1356,4512,4536,5660,6282,7114,10398,56944,91851,967,10410,1508,9741,2517,7077,720,3920,11197,3929,55450,5763,54857,2239,3429,5480,1282,3381,8777,10186,2896,10549,3827,115207,1295,1800,11034,2200,1278,57333,10627,1291,84557,79026,729,133418,3135,4016,4509,8754,718,23385,1009,22998,9528,3688,2824,1893,3075
10	1003,83483,2167,79812,5175,22918,3791,51162,7078,90952,51705,2321,2022,116844,7122,54922,1282,5787,7035,23166,338328,1284,4061,7114,54538,9935,8611,50848,4071,54345,64123,9314,4162,146894,2280,948,10628,6948,801,4360,1889,3572,947,4478,54861,84734,7056,6925,85358,2004,9467,10266,2114,55576,4881,7075,1843,6446,388,25819,9445,2113,6711,5641,3726,2324,5420,153579,7102,8870,975,7178,10769,11318,1026,7052,3315,2791,1580,6678,3303,5155,187,952,8425,8322,10867,10060,92162,83878,6578,5138,8404,64129,8874,7026,3397,80177,2823,9351
2	760,759,4869,5901,3068,3336,708,26135,3329,3320,4691,6124,10376,9045,3148,93974,1984,1854,6228,5478,4736,6136,3921,6161,6193,4904,6636,6173,6418,6176,6218,6187,6175,8531,6233,6202,10399,6141,3925,203068,1933,11331,1937,1915,9349,2091,6157,51065,6230,10541,6224,2876,6167,6188,4175,6169,6160,10383,645,4522,6158,6223,4666,6222,6168,6229,6166,6240,6125,26986,5757,6194,6210,4176,6146,6217,3182,6129,6137,6132,6144,6154,4830,6201,689,114625,3178,25873,6191,10988,6204,6142,516,292,4673,8761,9562,6128,23521,506
9	2354,3475,7538,3726,7316,3164,1051,1958,4792,51278,4502,9510,4616,54206,677,9021,3309,9314,4489,3312,64332,5292,23645,2353,6387,54407,114990,3725,6347,2920,694,10957,26118,1026,8870,6046,3399,3021,29950,1655,7422,6533,710,4609,25976,3490,1052,3301,2752,7763,3337,7412,28984,4189,3659,348,1316,3105,3488,3487,415116,2355,3240,567,7431,3105,6624,57018,633,10912,5054,23764,6446,64651,3727,8878,467,253738,8613,4254,90007,22822,11167,10365,678,7803,2034,10614,8013,9370,8660,9592,10140,10766,26585,387496,5270,8543,3953,3383
1	3488,710,6387,3381,2878,5270,3240,54857,3487,28959,6424,1471,2621,8613,4023,3105,3953,55365,91851,3105,6533,633,4256,11167,7412,3490,9547,348,1545,5919,2034,3371,1435,11082,3929,4254,9445,9370,10516,5549,5159,5937,253738,567,3959,183,1356,716,2697,51554,717,4016,351,2296,1291,146433,10410,869,1800,7018,27020,9936,1191,4638,9509,7049,2824,9741,871,4053,1292,12,6376,2896,115111,7114,7132,79827,81618,5660,3671,1009,5654,8829,715,6382,5789,1278,1903,80114,54749,2799,23213,1605,219348,2200,79689,84168,81035,6892
15	4069,6280,6279,7114,11151,60,3934,2207,645638,7305,3936,1043,397,5880,241,6277,301,1536,820,51734,71,5315,1535,4057,3689,23406,25824,3684,6282,83442,4318,5216,10109,6590,3958,2358,4317,57126,2316,7805,10095,1992,83440,2597,10261,217,64115,116844,8993,6688,10096,653361,4084,9535,6888,2936,409,4542,1116,4637,79887,199675,7791,7940,10092,160364,103910,170954,4688,11025,50856,3067,2821,6653,5836,2212,5329,960,302,1241,963,84419,2124,6402,9615,896,3055,79180,7431,54458,25777,3101,83716,945,5788,51094,3020,2268,4689,1438
5	7441,29802,3543,7351,1879,400916,973,5790,5896,1791,51237,9535,92610,1844,29760,6597,6229,3020,974,930,4061,5138,11156,7178,1396,51176,5450,7805,10955,10659,6142,27075,951,4602,26999,1633,9167,5079,390790,605,5552,5880,9679,4033,3635,83442,2308,5050,2547,92241,969,11151,6210,10814,59339,112616,89857,6165,100133941,397,3603,9537,6205,6929,5757,963,7832,9289,3965,11142,170954,6207,1192,5579,481,2005,6217,6139,6189,6170,5550,199786,60468,6203,26469,114836,6156,6223,6228,3614,57559,402573,6659,6850,10235,9469,994,8419,474344,25796
6	3371,4322,11197,6696,249,22998,967,5270,3977,25903,7168,6277,4519,3075,1356,56944,9672,4508,1295,2335,4514,23022,1265,4313,3399,4094,4323,51378,1809,4684,8482,4082,3776,10631,2817,151887,11034,5740,6320,2191,871,2619,1499,5480,51435,1471,4537,4038,4637,4536,5768,633,4538,56975,7076,9168,2195,5789,7421,3248,4513,7077,4060,1363,79827,10060,9353,3693,1292,154810,9902,6383,860,115207,805,3671,2697,10608,6285,7436,60,11117,6575,5763,6678,6284,5058,83643,567,1278,55861,10627,221178,649,121340,9315,2949,5362,5166,9741
8	760,4869,6136,6176,3068,3921,1915,6161,6175,6228,10399,10376,6124,9045,9349,6218,6157,4736,5901,4691,3148,1984,6193,6202,6187,759,3320,6229,3336,6169,26135,6194,6224,6223,6173,6122,6188,5757,6167,6137,6222,5478,6132,6158,4535,6142,10383,6141,1937,93974,6210,3329,6233,6168,4904,6191,6144,23521,2876,6217,6230,203068,6154,10541,6129,6201,1933,7001,6240,6160,645,6189,6166,708,6146,6204,6203,516,3145,6164,6125,4512,3925,3182,6156,1854,4176,6208,6235,6138,26986,8531,6207,6636,8761,6418,51522,6165,3615,6143
4	1277,1278,1302,1290,1634,6678,1301,5176,761,1363,632,871,166929,1289,4313,10669,632,8532,115908,4060,4015,3956,55512,387733,90993,81621,2335,10169,1305,5352,727936,8828,26471,956,632,2934,23705,5046,10970,11014,5802,79001,9500,4831,9672,23314,1036,284207,51661,5740,483,6238,1123,5480,64175,58505,3075,387755,967,23284,1410,338773,55107,11328,153201,4208,121340,8848,64094,4826,25805,60681,284111,1611,90410,2260,1152,90523,100505806,9644,1499,342346,3069,7057,249,2534,84552,57333,11015,4325,5118,285590,9528,10491,219699,22872,160335,255631,167681,7291
20	8490,4256,4854,2167,1284,3490,2934,8404,6277,1282,56901,79689,4240,1396,1281,80781,6272,50509,7026,4536,3679,4638,4508,64129,8639,2034,59,11156,7431,1397,23164,3777,3956,1363,800,4629,114757,169611,4513,4519,2316,1292,5159,4514,4627,482,4162,4535,7070,11259,10631,419,7169,7171,10052,54829,6275,3397,1465,716,3688,57381,5763,290,51751,7114,5139,6876,3315,2778,4478,10335,25849,4026,7408,6678,1909,55107,4259,10398,8874,301,64641,389125,2701,55384,26355,162073,91689,83714,79073,6909,7414,7025,9079,463,5274,3911,83716,845
12	29802,1267,3020,5790,7266,5450,974,5050,5997,84824,400916,973,7178,60468,694,6142,390790,481,4512,3727,11151,6689,6850,199786,6158,7852,7805,8581,100133941,5896,5880,4033,92610,6189,9168,5552,6210,6229,6659,26999,1879,89790,930,605,7351,4513,971,1844,11142,29760,59339,7832,4635,6124,399,10955,89857,6203,8665,79930,10320,6597,6235,951,1368,6224,51237,55502,8543,11156,64781,969,4792,6156,6929,23521,1915,5757,5292,4602,83641,9595,3394,10659,9167,80774,27086,3021,6217,83442,81622,1938,256987,6208,388228,7345,6161,25796,2146,10399
11	760,6636,4736,1915,6175,5901,6223,6228,8531,203068,3921,6136,6230,6124,26986,6194,6217,3068,759,9349,5757,6125,6210,1933,3148,4869,3336,645,6191,6157,6156,6161,6188,10541,1854,6141,3320,6240,114625,26135,6233,4175,6139,6218,6203,10399,6193,2876,4904,3182,708,3178,10376,3925,6229,1164,3615,6144,6187,9045,6154,1937,7037,6173,6201,9804,51065,10383,93974,2091,11331,6007,4522,5478,10212,6227,6142,1984,6176,6167,51522,6205,6137,4171,6208,4673,2628,6160,6189,6132,358,10988,10661,3181,3329,1510,23521,4176,4666,10576
22	6280,6279,820,645638,6431,7086,6233,10213,4904,3182,6427,4057,9045,10576,10286,4317,517,3934,6125,4069,5901,4830,2876,9349,84661,6141,6434,4738,6749,51522,516,27089,23521,5478,7371,26986,4869,6160,6240,4176,10553,29128,6228,3178,7919,8872,64979,51065,5757,2597,1982,518,6136,401152,6426,5594,6130,11151,10653,10535,6135,5684,10396,6122,6157,1984,4722,5693,9377,10399,6132,6235,79677,51596,6173,10651,5928,8148,54458,6204,1938,6191,5778,6152,6230,10155,7295,6138,6218,533,10713,10412,79036,26472,6144,1973,241,29990,50,6418
19	760,4869,9045,6176,6124,6175,6233,6154,6224,10399,93974,759,6161,3068,3320,6122,25873,10376,6189,23521,6159,6139,6204,26986,4736,6202,6228,6168,6207,6218,6210,3921,6169,6230,1984,1915,6142,6222,9349,9588,6188,5757,6138,6227,3336,6141,6223,6136,6181,4691,6723,8531,10661,6191,6647,7001,1937,6144,6164,2876,6128,6193,3148,26135,5478,4904,10383,6187,6158,6125,4282,6208,3925,6146,6135,6157,6160,708,6167,1933,6194,3182,6217,4666,7127,6229,203068,6235,6166,6201,10051,6203,10360,2091,516,4673,6888,6137,6156,6129
16	1634,1281,2934,6277,2335,7123,7077,1277,558,7373,3489,7431,1805,8076,947,6678,1292,79026,6038,1289,80303,57124,4313,54829,5176,4681,7078,10631,7846,4811,5269,1278,26577,2014,11096,1396,221476,7070,151887,6281,94031,57007,286133,1893,5118,306,8425,55273,302,4035,84935,10544,6649,54507,221091,10493,1636,57863,2199,718,91663,1604,7048,9945,2200,3956,4016,51673,4637,2949,3488,4921,11167,10512,7148,23768,2192,84281,165,7059,2619,3913,4060,9314,2746,1462,83716,290,25891,10095,928,22809,6282,1291,389,5348,5046,7056,4653,5376
18	5196,71,7114,64407,5341,2597,5908,8407,5473,7277,10335,7094,7534,60,5216,5087,83442,10105,340205,9094,5273,7791,3674,3939,4352,2812,51266,4900,10109,5879,9046,5577,4637,83706,6170,2313,5478,27071,2109,5874,220988,6137,348093,150468,11151,6001,6251,9910,7171,7533,6563,26986,10235,2781,2815,3921,3987,9377,7408,4904,25946,3021,10158,87,928,2207,22919,55589,2151,7416,3690,506,10788,1984,6503,4627,5315,805,3611,23420,22915,498,1032,6189,27040,5499,58527,7867,2778,2035,54997,10077,55907,8531,706,6228,55544,8766,9402,1973
17	759,760,4869,1854,5478,2091,9045,3068,4904,3336,3320,6193,6228,5901,3329,708,1915,6218,10360,93974,4691,4736,689,4175,6201,6210,6636,10399,6173,6161,1933,6175,3178,6217,9588,6157,26135,6202,6418,3921,2876,6233,4666,6176,3148,6129,1984,6427,203068,6223,4176,8531,5757,1937,10576,6194,2130,6124,3181,6125,6158,2618,6169,7307,6230,11333,3925,6141,6240,6137,6168,645,6144,6188,498,26986,6224,1975,6222,4673,23521,6634,9349,6142,6136,292,6191,6208,11331,6167,10575,10383,10376,6229,10094,6128,3326,10541,6007,1841
21	3039,3043,3043,669,212,3039,63893,23608,3669,2876,598,6622,51312,100133941,9246,6521,51629,54498,7029,2035,7001,283677,2235,2993,10107,10197,91543,23582,5500,1983,665,55907,9921,92014,9615,27069,55163,51094,79154,1870,7320,84792,1039,7351,7314,51257,66008,9636,23039,26986,51251,5886,25853,80256,994,1647,8780,7328,4354,23480,6708,3029,9911,2038,10049,51646,163486,80232,216,29907,221692,4946,55544,8869,84668,760,11345,27102,9232,4601,283991,2852,26994,10158,81624,8804,51218,92521,115201,143879,51100,7037,55182,134548,948,8897,5875,55466,2180,51343
14	1277,1278,6678,632,1290,1634,761,1302,4313,5176,1301,632,3921,6175,4512,6187,4538,4508,4513,1363,632,4060,6173,1280,760,10669,759,1289,6141,115908,9045,871,4535,6157,1915,6136,25764,56342,6223,26471,6233,6156,4830,8532,6228,956,8668,2618,6160,55512,1305,22934,4519,10376,727936,84532,5036,5831,1933,22948,6146,3182,4831,2623,1854,283383,79605,3336,379,6202,1975,10399,5802,8890,249,4514,27306,4826,28987,4869,81621,4904,6142,9958,9349,102157402,784,4666,166929,84365,11014,5867,83394,1058,64960,4001,8974,25998,10054,79053
all	3956,26577,5054,10577,255631,1282,715,91851,1435,7049,11117,4325,114990,5473,5802,51378,6284,3487,869,3934,9289,81621,2192,6590,9509,219348,2821,717,4060,7424,1116,4053,3929,25903,51129,54507,10468,7076,51596,5654,8829,83643,56944,7132,3965,4256,301,1301,7059,7422,7035,83716,8404,3913,26585,1292,7057,8532,1302,1805,6424,56975,8425,3959,7148,8828,2200,1289,146433,11197,3953,4811,3075,5549,3958,3490,9510,632,6280,4192,6279,54829,11167,284207,10512,4282,10669,169611,2263,820,633,8639,7123,167681,115908,5274,3240,7037,50509,302,8076,4057,183,8804,3371,9547,3543,6653,5176,11082,10491,729,2321,960,6387,1462,2335,5919,2934,3489,5046,3572,12,9636,2199,716,5155,4322,1893,1508,2324,5069,4653,7373,1191,4969,710,6382,80781,4681,9370,4016,348,10516,3381,221476,5768,165,4023,4240,1290,1636,5196,4313,22915,6320,1634,6948,2878,3135,720,6376,2920,7077,1281,7018,1356,8754,3827,1280,718,1438,2896,1471,1284,3488,6649,3671,3911,94031,51237,1291,8993,7078,1278,4015,652,25891,4317,3603,5478,1295,6696,51162,2621,64129,5270,649,6678,5118,11096,151887,116844,4069,4318,6038,1277,2191,9353,1604,6347,64094,79812,10631
