6	3381,2878,3488,710,9370,6387,1471,4023,5919,5270,11082,1800,6424,2495,3240,183,5118,28959,3953,1356,1291,2621,1278,4254,1879,4969,54857,715,348,9547,387882,5069,25890,91851,146433,3105,55365,4942,633,4311,2824,493869,54749,3479,9452,5159,5479,1292,11167,79689,1281,10549,5348,6282,10410,9741,9936,1191,4016,10468,861,6533,3487,9509,6382,1545,29937,8848,349136,967,6185,79827,682,1009,26471,57333,253738,871,7077,716,2690,720,2014,8406,10516,9445,5654,2327,5445,1435,7168,10577,4192,5549,7412,7314,84168
7	6387,9370,3240,7018,2621,2878,710,54857,3488,5270,1471,11082,1191,1278,3105,2495,1958,4254,1800,6696,28959,9547,1879,4023,6282,3953,3381,11167,633,9021,91851,4489,183,9936,6424,387882,6533,146433,10516,9509,3487,493869,1291,3726,2353,5069,55365,253738,861,1009,1435,1356,1545,3727,10549,5919,10410,2354,7314,5159,2690,348,5348,871,4311,54749,9741,3827,2824,967,26585,3671,4256,3280,29937,4502,567,682,2512,2296,5479,3959,3490,715,10577,7168,91947,5118,291,4192,10468,347,3321,84898,26471,4969,7431
5	54857,6387,710,5270,11082,3381,3240,9370,2621,3105,9547,2878,1471,3488,28959,493869,1800,3953,183,6696,4023,1191,10516,11167,6282,633,9936,9509,2495,1291,55365,4254,6424,1278,1356,967,3487,387882,84898,146433,3827,1879,1009,9741,5159,91851,5069,54749,10549,3490,10410,3075,3671,4256,5348,5118,715,5479,348,51554,9071,567,26471,25890,5919,871,9452,3371,9528,7168,2824,6382,4311,4016,29937,6533,2690,10186,4969,928,4942,7314,10404,2013,2014,6383,1545,10581,1435,3321,3929,2274,2200,5789,1292,30008,3959,253738
3	6387,2621,54857,3240,9370,1191,11082,710,183,5270,10516,9547,3105,4023,2878,633,9936,11167,1471,7018,28959,3487,91851,493869,1800,6282,3488,1278,4254,6424,3827,9509,3371,1009,55365,3953,2495,84898,967,1356,3671,387882,1291,3381,1879,5069,5159,10549,3075,567,3490,715,6696,146433,54749,6533,51554,871,348,2274,9741,5919,10410,2200,10577,2690,25890,26471,1545,5479,4969,2824,29937,3929,9071,10404,5348,10468,253738,10186,4015,1435,6382,4053,7424,115111,5118,3959,349136,7168,2687,4311,9528,4192,4016,4942,6383,7077
2	1958,3726,2354,2353,9021,3727,6387,3240,2878,710,3488,11082,3725,9370,2621,5270,6424,3381,1471,1879,1278,4023,861,1800,54857,9547,7538,3280,6533,54206,10468,1843,4254,4489,28959,2495,91851,11167,7314,493869,1051,253738,3105,4616,183,146433,387882,6282,1009,1545,5069,54749,1191,10516,5919,26471,3953,2512,9936,55365,3487,5159,871,2274,7168,5118,91947,283131,1291,51554,26585,2824,25890,1435,4969,633,2690,5156,687,1316,1903,3321,5348,8848,2252,9839,29951,7424,9509,9592,1050,715,7316,4008,4502,25939,7846,10365,677
14	7305,1043,6279,241,6280,397,11151,5880,8993,83442,645638,51734,9535,3148,25824,1535,6688,653361,3934,7114,2207,5216,6888,820,100133941,50856,1536,199675,3936,3958,301,7295,10109,4689,6590,3151,2936,7940,57126,71,10870,23406,160364,6282,2821,3067,7086,1053,10096,4046,2876,63940,3020,1992,2597,5777,4057,26578,4688,5836,963,10095,10263,5355,1241,1164,3684,5788,7805,1116,255809,4258,960,5315,3689,389541,5329,80774,7408,10092,2212,83440,64115,2745,83641,7277,6277,10261,50486,9553,10094,7351,64092,951,5223,9588,706,23474
8	3371,3487,2621,56944,1295,9547,10516,6387,11167,967,9370,3671,6282,3105,5270,3240,1278,1009,9071,633,567,1191,710,2878,84898,1809,3075,493869,2495,9509,9936,1471,11082,1879,3488,4254,2012,183,4192,1050,1800,54857,1545,28959,3827,861,4053,25903,6696,1265,64236,871,3321,3490,4023,5159,25824,91947,1000,84790,7168,55365,91851,387882,348,1356,10186,1291,2200,7424,64759,2263,5789,2697,55504,7314,10410,3959,4016,9839,11197,5348,2296,253738,10468,25890,6533,1435,51554,2274,10398,5069,3479,10404,6422,4638,10577,84557
20	3039,3043,212,6622,23608,2876,669,100133941,9246,2035,51312,2993,84792,6521,91543,5500,760,1039,7029,3669,2235,25853,7351,283677,1983,51257,10107,63893,11065,51251,598,23480,55907,2038,26986,665,847,55163,9615,222642,23582,8869,9911,3049,81558,10197,51218,84668,6708,216,340348,55544,51203,1870,81689,81624,92014,55108,3145,10587,116151,54498,4005,8780,5886,92521,286827,286,79154,1510,645,7037,23039,7001,4300,344838,133686,7320,114625,6007,3029,117247,55553,2730,7389,8804,51629,6005,6710,219539,66008,92745,10158,4354,51646,51665,2180,9921
9	56944,3371,11197,3075,22998,249,967,2191,6696,3776,5745,1295,4322,4684,7168,25903,6285,1278,2697,5270,6277,151887,6320,1809,1356,1634,5998,2817,5480,3671,3977,2014,1471,284207,1000,9168,153201,6383,55504,1265,1277,1009,3956,4313,1749,51378,121340,84790,871,5740,4237,4060,9071,5789,27286,1303,10186,84557,166929,5118,1513,4016,10631,6282,54587,4519,633,10516,81035,2934,79776,649,5348,23022,11034,1363,8495,4323,860,632,23314,493869,387758,3105,11117,2274,11167,60681,567,23705,3479,2619,761,23612,79827,9741,9547,2012,64236
15	714,712,7805,558,5660,713,219972,1508,1520,30061,9672,7351,7305,8804,2896,4360,2015,199,7940,5788,3162,4512,6235,2207,1509,140885,1075,1436,2752,5199,2512,3936,23646,121599,10659,440077,5641,27306,963,11059,10461,9262,6303,922,7128,1536,1232,4082,23150,3248,972,4170,359948,160364,3073,4067,1990,9308,9518,7412,27131,7163,124935,84986,284996,50856,11314,5724,10096,1843,847,58475,6850,6234,19,9450,9332,3766,53,3398,5452,6176,255809,3303,1535,5547,6168,3988,50865,23428,4514,3117,3304,81622,4094,2793,7538,5996
18	9547,3956,6277,114757,11167,2012,3490,633,3815,5176,6282,133418,26471,1893,3240,4035,6696,10186,84557,6387,3105,1050,10252,10410,3959,145264,3290,5919,80760,9370,493869,4023,2192,1009,2202,710,2014,5270,9168,3487,567,25874,3557,967,302,183,9936,7018,10409,7431,4240,10404,6342,84898,4256,50486,1356,4192,1278,3075,4638,4255,1396,81567,928,25824,5118,217,10581,3417,3479,5478,12,2621,5931,5480,9509,4837,2878,168667,4015,309,84790,2200,5052,1290,3827,3459,81035,292,64968,84870,10516,7314,29937
16	7805,5880,7305,83442,26469,1043,11151,53827,5788,2876,3936,7351,2197,6688,6404,241,963,160364,51316,6161,960,6142,1520,5777,10267,4046,6001,26986,397,6193,9595,4736,10109,83706,6166,6234,11010,3921,3958,6143,64092,6231,9535,962,1536,972,6207,6167,6275,10659,3164,2207,822,9476,6223,6203,4688,6175,90701,6850,6233,112616,653361,6201,6124,6154,6181,6222,1794,10437,5341,6194,1396,6157,7940,6139,196383,4869,8826,6235,6136,6141,6230,1535,6228,2123,257106,3676,6217,81539,51411,6158,27230,3689,6165,6039,6204,58527
19	4256,6277,3956,2934,1281,1277,114757,1396,4035,928,1634,3693,4060,800,4681,2192,4313,151887,23612,7846,4000,1278,5118,2014,2778,5396,10186,5176,7077,6275,7431,308,6320,3075,2012,7169,1292,4237,1410,6282,5348,302,1291,4345,83716,7043,871,5270,7314,54587,301,1471,23564,4637,6678,338773,2619,439921,5157,10581,56937,55384,7076,1363,10631,64236,3488,54985,55273,558,347,169611,1295,94031,5763,687,1290,8404,4046,55450,3479,80114,9902,7058,291,8490,26508,808,53827,83643,7295,989,8848,56944,389,51226,29937,79586,1293,4921
17	973,974,5790,11151,29802,3020,100133941,400916,5880,2197,8581,951,6231,6142,399,27230,51237,89790,5757,9595,694,6189,5450,1043,6170,6203,7351,84824,972,6161,6207,6143,1879,5050,397,6217,1844,6210,6201,4046,1267,6204,971,5079,6229,4033,6144,6223,7805,6193,6181,6139,6132,6136,6157,6141,390790,11142,6124,83442,3119,29760,930,60468,6850,7266,6230,257106,5966,6232,6147,10320,6218,963,9535,6158,1236,9168,23521,92610,11156,25796,6689,605,1915,27443,3921,5788,481,5997,55103,6222,9476,27086,6234,6224,6175,4736,5552
21	760,3148,10541,93974,6187,6175,5901,1164,3925,3149,3921,759,6176,6132,9045,645,10661,1854,6161,6124,6222,1371,6231,100133941,51218,6193,4736,11224,6122,6170,6204,6241,6136,5757,332,6158,6233,3320,6201,51522,6637,1984,6137,6206,6138,2876,203068,6157,7001,6159,6181,6202,6636,3068,6228,1841,3145,6128,6191,1915,9562,6194,6217,10376,6210,6218,6144,6160,26135,7351,4830,6142,6130,51053,6143,6139,6223,6135,6147,10383,7153,6173,6166,6189,6428,388588,3615,6154,3146,1058,6207,516,4171,2730,125965,1937,6134,4175,55143,4174
22	3953,6387,3791,64778,2167,6646,79812,91851,10949,10060,3091,7122,3488,7035,5159,57636,200894,11282,2034,4023,10658,6232,8828,22864,2113,7343,11331,7078,55576,2734,5335,1580,54891,1282,2768,253738,27436,116844,6176,22918,55291,331,55500,6881,90007,11007,79026,79834,4512,894,8829,3598,1605,5787,1009,9448,3572,161,81606,334,161882,84549,56935,4854,3678,57515,5089,6525,140885,1003,10075,9475,54676,83483,7049,57645,23140,23389,6651,8321,1059,2823,1785,4700,475,7026,160418,2022,11100,5789,10537,338328,23511,4254,26524,6925,79888,54462,4820,8837
1	55576,2167,7035,3791,7122,3572,51162,1003,116844,83483,9935,401115,2823,6925,2022,4360,3716,6188,7078,1580,7178,79812,10060,9349,2324,23166,11096,5787,7102,10537,7056,84734,948,1776,338328,10628,9467,2113,5552,6206,3764,6168,6232,6208,5999,51705,90952,4061,6224,1515,5175,23521,6217,6229,5138,2157,1601,1175,11183,57186,7026,11007,54538,6142,22918,2321,54922,6403,65108,6223,9991,83878,6210,6235,6154,2532,6181,5641,6230,6209,1525,7494,6191,358,6129,6176,6165,6234,57211,952,6227,6218,6125,6156,2004,5269,6164,7357,11318,50848
13	338328,51162,4071,5175,2321,116159,1003,83483,1282,22918,5787,116362,4061,51705,2791,947,153579,641700,2771,1284,857,9351,10266,6711,7075,8611,90952,146894,80177,187,6925,1397,801,10268,1948,84230,4478,25780,6446,11007,3384,53827,3791,2114,11343,9411,64123,57514,4208,3397,5420,23236,27253,475,92162,285527,50848,2004,3428,90139,25932,8751,2778,8404,54922,2167,54345,55075,858,55303,83878,3326,8125,5595,23263,2280,56935,140576,80243,7351,64856,3339,152189,8425,2113,2793,3315,10161,3707,91543,56920,2199,57493,9079,83442,51177,474344,10763,1845,7170
11	2167,9349,6188,6229,6154,6230,6206,7178,6168,23521,6232,7035,6209,6224,116844,6208,6235,6139,6217,6165,6176,10537,6218,6129,84734,6133,6189,6210,6181,401115,6191,6146,6233,6173,6202,2197,6227,6167,6160,6223,6142,6205,6228,1515,6161,6135,6164,6222,6128,6194,51162,6204,6201,6156,6231,6203,6137,6125,6147,83483,475,1915,6143,6158,6193,4061,4508,9045,1175,3572,338328,6207,6169,25873,6234,6157,2791,2823,6152,6155,6187,1003,4535,6134,6170,2280,7114,6144,5269,7122,10060,4512,6136,4513,4514,11224,4536,6159,3791,6124
12	7503,9314,7122,81575,2167,55576,116844,7035,7078,11096,5999,9935,3572,6925,10537,7832,1026,3764,3791,10957,3716,83483,6188,2355,1003,10060,3725,1654,2532,9388,2823,4360,51129,51162,1580,23166,7178,9510,10365,7056,10397,948,7102,5552,57018,65108,79812,2022,401115,7026,11183,4061,150094,84734,415116,10769,4056,3726,7494,10371,1515,694,1601,2353,51655,23645,9349,7357,90952,2113,467,9991,1776,11318,2157,9537,6229,54538,229,51705,5641,2114,54922,7052,2324,9507,9592,7538,29116,6206,6232,83878,9590,57186,9467,474344,51194,9435,7763,3394
4	7503,2167,116844,7122,7035,51162,55576,1003,83483,9935,3791,10060,7078,6188,6925,84734,10537,4360,3764,3572,79812,7178,23166,2823,11096,401115,51194,4061,90952,11183,81575,9349,2022,2324,3716,948,22918,5175,7102,11318,7056,1175,2157,51705,5552,2113,5787,10628,6229,1580,153579,7026,2791,338328,6224,83878,6206,9537,6232,1601,952,2280,65108,6168,4056,7832,641700,9467,11007,9314,7494,6217,54538,9435,6208,9388,6223,57186,6154,6142,1654,2114,23521,474344,54922,6129,6210,5138,6948,5641,256949,1515,50848,1213,6209,2004,10371,187,57556,374378
0	7503,7035,3572,2167,11096,3791,55576,116844,7102,9935,7122,79812,7078,2022,83483,1003,1776,401115,2823,7026,358,5787,7178,7056,6188,3716,10537,5999,29116,4061,2321,51162,4360,7357,23166,81575,9349,2532,57211,5552,5641,51705,161198,6925,948,952,9388,10060,57186,7010,2157,6403,84734,8727,9314,165,1580,6206,1515,6232,5175,2113,1654,140885,6208,6168,10628,90952,6229,7494,23521,9467,6154,11318,1213,6224,6209,2324,5138,6142,6217,22918,11183,229,6227,57556,6230,9991,146894,221395,2114,2004,9435,6164,56935,6223,4056,1525,83878,6210
10	7503,2167,7035,83483,116844,3572,55576,3791,1003,79812,7122,2823,11096,1515,10537,51162,4360,2022,401115,84734,23166,51705,7056,10060,5552,4061,5641,5787,9935,7102,6188,90952,2532,3716,948,6925,11318,1580,952,165,9349,7357,1776,22918,2157,7178,5175,6948,23643,338328,2321,4512,7010,7078,2791,10628,57186,55303,4056,6038,11183,161198,2113,3764,474344,9467,6224,1175,6403,57211,6206,641700,2324,23521,29116,6232,358,10161,5138,6229,6168,54538,7026,83878,221395,10791,2004,51194,3384,9388,10266,50848,146894,6208,64123,4508,1525,29015,334,6217
all	63893,6422,6241,9902,1265,3428,3248,9246,286827,23039,8406,51522,6696,6888,64968,1356,2817,10268,1058,3091,4322,713,7122,1515,715,217,6133,56937,9452,5069,399,1536,66008,5997,7277,27131,2353,23511,81567,1277,4071,7538,6622,6135,10096,5445,51129,3726,161198,79154,6152,5341,3791,11010,8829,19,3459,1513,1291,3615,25874,761,682,3925,51218,5335,8727,145264,83716,9562,4830,23263,4046,6235,1236,5886,9528,653361,6194,389,2619,57636,79827,6144,6925,3693,6525,4311,2252,11314,286,5348,55500,9590,6129,598,7168,7078,5996,9388,6227,57556,10397,84230,124935,3684,5787,6230,5452,3105,71,1601,83641,1397,9079,2192,963,23428,51646,1845,3394,79834,5175,6208,5931,10092,760,1509,1282,22918,4637,7494,84790,8993,7077,1879,894,1363,6688,29951,1870,11096,56944,64115,54462,338773,5478,1525,4969,51203,116159,51312,4255,7037,11197,51177,1116,2180,2212,5660,6203,3303,632,4512,2202,1410,84734,3397,80177,161882,4256,79026,23643,55553,79689,3240,54985,6222,6850,3936,9991,58475,92610,9921,7058,677,3958,55450,3029,10628,4689,6038,5176,11117,10769,29116,2263,6689,27086,26135,5329,6168,3598,3398,1984,6424,387882,8581,7846,1053,2745,4513,81035,114625,92745,10266,6710,79776,1471,967,4170,4854,196383,90007,4519,1809,140576,3320,5790,1843,23166,146894,1893,57333,3827,6188,415116,4000,7049,1844,55544,3488,3039,6234,10320,92521,11059,64236,6590,54538,216,83706,9537,6218,55108,4300,4502,6678,51257,6206,54891,121599,9308,285527,6303,4638,7018,4688,1915,121340,83643,2934,820,4023,1059,6205,117247,51629,183,3164,2512,10404,10791,3381,3671,6191,153201,50848,7128,716,10107,6204,9615,4008,2687,2327,1026,3162,2993,9509,9351,3417,6275,5745,10549,4171,25873,6130,1003,26986,7001,8495,5549,9535,4033,6164,4869,79888,9332,84986,5595,712,3315,4056,10094,5480,6175,2896,10376,60468,64856,2778,7056,8611,6521,5479,6382,203068,10537,439921,3075,706,2167,168667,8490,84824,7035,9839,6001,7503,5998,6155,6193,5777,5050,1295,10631,115111,9021,7351,4313,10267,10371,4837,6156,2199,23480,3151,63940,27286,1164,6207,9314,6146,558,54676,332,2752,9450,3766,11156,29015,645638,6154,9936,694,800,9911,26508,10261,1000,25780,9588,23608,7029,9445,2690,6189,10161,9741,187,349136,308,2597,388588,93974,6185,91851,633,80243,3676,54749,23150,55504,2823,4360,51554,10252,7153,3929,4237,5199,9448,2035,51237,3487,4354,7170,6342,219539,4616,1075,3689,25890,1290,8826,6160,2824,4514,10763,57186,3119,10587,7295,2791,7314,25853,9476,7763,58527,229,3727,8125,90952,10437,6165,80114,64092,8404,3067,9435,241,65108,151887,219972,7431,51251,665,340348,90139,11065,53,989,358,1267,5079,12,4082,25796,5355,4208,89790,2014,2157,1990,23582,6134,81622,11318,6167,4820,9467,23705,951,51734,81624,1043,29802,5118,51053,2793,1545,6161,9475,5740,1303,6231,3479,6277,6124,91543,1232,3304,5052,6005,5159,7075,256949,4345,4535,6280,6147,930,284996,146433,23645,11034,3490,6383,2015,6141,1396,249,2274,29760,5089,10095,291,2114,133418,4489,7408,4536,6320,55291,1435,5880,344838,4700,2012,397,84792,7320,2355,759,10581,60681,51226,3815,6224,4175,11167,81606,4005,10957,10661,5999,2235,11331,1508,6137,55303,9045,10075,400916,4258,166929,5836,6232,5270,8804,3068,8751,516,57515,160364,57211,5138,4508,11142,57126,1293,6229,4053,10541,27436,23646,347,1039,3921,6446,1992,8321,23140,4060,6202,8869,1785,10263,858,3384,1580,4254,338328,6708,8848,952,857,5396,801,27230,64778,6166,150094,30061,54857,7316,27306,51378,5269,1009,1654,10060,22864,11343,9547,7832,5420,29937,3572,6139,4192,94031,7052,83440,81558,6176,1520,348,1213,25939,11183,5450,649,7163,4035,50856,2936,9507,56920,26578,200894,160418,81575,23406,928,51705,23022,847,9411,6187,2324,962,23564,55075,822,4736,8425,83442,645,2876,1284,23612,161,3339,7010,359948,5547,6533,971,1958,6138,3149,4921,6142,7086,1937,6228,6387,5216,10659,55143,1854,1175,153579,23236,7940,389541,10410,6636,56935,6223,2768,55103,57493,91947,283131,5641,6217,55576,6646,8828,6233,1776,5763,10398,6210,116844,3020,5901,3557,5654,6122,7169,467,3371,3959,1051,9168,26524,1983,1191,3977,125965,9370,283677,6637,92162,309,55907,948,7102,3934,7805,84870,3725,84557,54922,54206,6279,6136,440077,5315,5789,10409,6881,10658,10365,4057,808,6128,2038,2321,7412,3145,5552,253738,4094,2697,974,3716,334,112616,687,2296,2730,3707,10186,4015,3073,2004,79812,374378,6159,302,4942,57018,7389,53827,1800,6132,5757,1634,6173,133686,922,6428,92014,9592,50486,57645,2123,10158,6711,83878,222642,5788,81689,861,140885,3049,6157,90701,6201,1436,7026,2034,2821,9672,6125,5157,10577,7266,2771,11007,6282,6285,50865,2621,1510,3953,9349,390790,6158,1316,11082,9518,1794,481,9262,641700,30008,51162,54587,2280,331,55365,255809,11151,28959,199,22998,6169,1278,51655,55273,2354,1241,6007,1371,11224,54345,714,292,6404,116362,4478,26585,4681,25824,7424,4174,6209,7357,83483,199675,10383,710,9935,79586,84668,5500,1749,2022,4061,475,567,2197,2207,27443,80774,57514,221395,4016,64123,1535,114757,3280,6181,10468,10109,64759,10949,10870,10461,8780,25903,387758,2532,212,3148,1050,1948,960,25932,3290,3776,972,3117,5724,1605,23314,6403,860,7076,23389,3146,669,605,6039,51316,9553,1281,6948,2013,3043,26469,54498,84898,11100,8837,2734,55163,10516,3956,81539,116151,2191,51411,871,7114,2113,2495,11282,3326,5156,1903,7178,1841,51665,3764,27253,284207,7043,23521,84549,257106,26471,9071,2878,169611,84168,7343,493869,100133941,947,55384,9510,10197,5966,3669,401115,51194,4067,23474,973,5919,6651,3988,5223,80760,4684,9595,7305,2200,1292,152189,165,720,6170,4240,474344,3678,301,4323,3321,6143
